1267709504154755072 49.0132519641 8.3797330730 115.1762161255 -3776.5165486511 -1009.1854374940 115.1762161255 -0.0482680000 2.0774079215 -0.1351366732 
1267709504260571392 49.0132509102 8.3797450915 115.1763610840 -3775.6386867534 -1009.3097804142 115.1763610840 -0.0487660000 2.0819859215 -0.1342416732 
1267709504367139072 49.0132497603 8.3797583496 115.1715927124 -3774.6702629559 -1009.4455319289 115.1715927124 -0.0517410000 2.0839889215 -0.1338316732 
1267709504470072320 49.0132486702 8.3797704257 115.1667785645 -3773.7882220836 -1009.5739212520 115.1667785645 -0.0554630000 2.0832009215 -0.1328356732 
1267709504574550272 49.0132474227 8.3797837546 115.1548690796 -3772.8147065353 -1009.7205633940 115.1548690796 -0.0585160000 2.0820249215 -0.1313766732 
1267709504679594752 49.0132463464 8.3797958830 115.1454086304 -3771.9288267303 -1009.8474671813 115.1454086304 -0.0633450000 2.0813049215 -0.1301686732 
1267709504784722944 49.0132451759 8.3798092964 115.1399688721 -3770.9490708433 -1009.9855974447 115.1399688721 -0.0621690000 2.0790149215 -0.1285266732 
1267709504889440256 49.0132441509 8.3798214917 115.1317291260 -3770.0582521018 -1010.1068206234 115.1317291260 -0.0580630000 2.0776969215 -0.1272446732 
1267709504994338304 49.0132430865 8.3798348703 115.1264953613 -3769.0809417259 -1010.2331380676 115.1264953613 -0.0464030000 2.0808789215 -0.1255206732 
1267709505099737088 49.0132421321 8.3798470043 115.1276321411 -3768.1945385741 -1010.3464850970 115.1276321411 -0.0361180000 2.0888879215 -0.1243236732 
1267709505204330752 49.0132410003 8.3798604528 115.1155929565 -3767.2121742237 -1010.4803412184 115.1155929565 -0.0305740000 2.0895829215 -0.1233076732 
1267709505309568512 49.0132400292 8.3798727757 115.1032714844 -3766.3119762319 -1010.5956534706 115.1032714844 -0.0286450000 2.0849219215 -0.1227826732 
1267709505414470656 49.0132389201 8.3798863348 115.0929412842 -3765.3215084965 -1010.7270428417 115.0929412842 -0.0273200000 2.0803019215 -0.1216916732 
1267709505519346944 49.0132378985 8.3798986712 115.0879821777 -3764.4203700660 -1010.8479787810 115.0879821777 -0.0281950000 2.0785769215 -0.1204916732 
1267709505624318464 49.0132367443 8.3799122673 115.0880508423 -3763.4272347001 -1010.9844095139 115.0880508423 -0.0279320000 2.0814359215 -0.1187966732 
1267709505729455872 49.0132357096 8.3799246857 115.0892028809 -3762.5201054923 -1011.1068469714 115.0892028809 -0.0242800000 2.0792799215 -0.1182136732 
1267709505834443520 49.0132345862 8.3799384306 115.0837554932 -3761.5160673775 -1011.2399445130 115.0837554932 -0.0199030000 -0.0004070000 -0.1179416732 
1267709505939507968 49.0132335685 8.3799509181 115.0806350708 -3760.6038710816 -1011.3605312128 115.0806350708 -0.0140250000 -0.0041270000 -0.1172926732 
1267709506044645632 49.0132324606 8.3799645592 115.0908203125 -3759.6074088431 -1011.4918388799 115.0908203125 -0.0094220000 2.0776419215 -0.1172136732 
1267709506149599744 49.0132314709 8.3799770077 115.0976791382 -3758.6980404989 -1011.6092974069 115.0976791382 -0.0093680000 2.0855399215 -0.1165156732 
1267709506254585600 49.0132304133 8.3799908659 115.0921249390 -3757.6856548202 -1011.7351436885 115.0921249390 -0.0143650000 2.0830449215 -0.1157606732 
1267709506359525120 49.0132294295 8.3800035313 115.0815811157 -3756.7604212222 -1011.8520746436 115.0815811157 -0.0224940000 2.0778499215 -0.1147936732 
1267709506464817152 49.0132282926 8.3800174678 115.0794525146 -3755.7423802350 -1011.9867771072 115.0794525146 -0.0255140000 2.0746649215 -0.1140246732 
1267709506569486592 49.0132272740 8.3800301277 115.0875473022 -3754.8175778876 -1012.1075757742 115.0875473022 -0.0234040000 2.0751669215 -0.1139406732 
1267709506674705152 49.0132261429 8.3800441360 115.0851364136 -3753.7942867596 -1012.2416847469 115.0851364136 -0.0231440000 -0.0009230000 -0.1136816732 
1267709506779504896 49.0132251267 8.3800569201 115.0861816406 -3752.8604026405 -1012.3622811977 115.0861816406 -0.0222570000 2.0727369215 -0.1142526732 
1267709506884970240 49.0132239900 8.3800709596 115.0972442627 -3751.8348310922 -1012.4970240993 115.0972442627 -0.0216060000 2.0818699215 -0.1159506732 
1267709506989797376 49.0132229541 8.3800837858 115.1015319824 -3750.8978856815 -1012.6198489014 115.1015319824 -0.0185740000 2.0873079215 -0.1174126732 
1267709507094828288 49.0132217864 8.3800980215 115.0914001465 -3749.8579938161 -1012.7581566246 115.0914001465 -0.0212520000 2.0819759215 -0.1185906732 
1267709507199798784 49.0132207178 8.3801110471 115.0770034790 -3748.9065014941 -1012.8847190775 115.0770034790 -0.0279070000 -0.0000700000 -0.1193876732 
1267709507305098752 49.0132194950 8.3801253732 115.0720672607 -3747.8600454479 -1013.0292110853 115.0720672607 -0.0297610000 -0.0045740000 -0.1213056732 
1267709507409751552 49.0132183994 8.3801383707 115.0822906494 -3746.9106337077 -1013.1587676005 115.0822906494 -0.0281670000 -0.0006270000 -0.1230926732 
1267709507514986240 49.0132171498 8.3801526971 115.0881042480 -3745.8641859733 -1013.3062347043 115.0881042480 -0.0316490000 2.0765389215 -0.1241896732 
1267709507619982848 49.0132159937 8.3801657825 115.0849685669 -3744.9083909927 -1013.4425611040 115.0849685669 -0.0344690000 2.0787729215 -0.1247526732 
1267709507724872960 49.0132146893 8.3801802177 115.0808486938 -3743.8540364737 -1013.5961859524 115.0808486938 -0.0351280000 2.0836189215 -0.1257586732 
1267709507829777152 49.0132135190 8.3801934177 115.0774993896 -3742.8898799069 -1013.7341626920 115.0774993896 -0.0375110000 2.0859169215 -0.1268296732 
1267709507934159104 49.0132121670 8.3802080118 115.0661544800 -3741.8239523536 -1013.8931753179 115.0661544800 -0.0369450000 2.0847829215 -0.1279626732 
1267709508039920640 49.0132109394 8.3802213756 115.0520172119 -3740.8478732297 -1014.0376126543 115.0520172119 -0.0329720000 2.0792559215 -0.1292226732 
1267709508144855040 49.0132095746 8.3802361281 115.0374526978 -3739.7703654999 -1014.1981465518 115.0374526978 -0.0328500000 2.0761109215 -0.1304146732 
1267709508249903616 49.0132083281 8.3802495482 115.0326766968 -3738.7901914532 -1014.3447251450 115.0326766968 -0.0334990000 2.0771619215 -0.1310016732 
1267709508354771456 49.0132069382 8.3802642800 115.0299072266 -3737.7142237097 -1014.5080300961 115.0299072266 -0.0358770000 2.0821789215 -0.1322896732 
1267709508460025600 49.0132056637 8.3802776825 115.0248565674 -3736.7353498932 -1014.6577071203 115.0248565674 -0.0373180000 2.0850469215 -0.1331966732 
1267709508564980224 49.0132042341 8.3802924639 115.0126953125 -3735.6557986252 -1014.8254593797 115.0126953125 -0.0404000000 2.0840829215 -0.1339706732 
1267709508670082048 49.0132029594 8.3803059527 115.0005416870 -3734.6706210888 -1014.9752070513 115.0005416870 -0.0490300000 2.0836799215 -0.1347856732 
1267709508775282432 49.0132014685 8.3803207607 114.9941329956 -3733.5891681436 -1015.1497820197 114.9941329956 -0.0497730000 2.0849359215 -0.1358496732 
1267709508879827968 49.0132001384 8.3803342591 114.9894714355 -3732.6033425107 -1015.3057066770 114.9894714355 -0.0504120000 2.0829239215 -0.1371586732 
1267709508985033728 49.0131986344 8.3803491403 114.9786224365 -3731.5165498880 -1015.4817810766 114.9786224365 -0.0540290000 2.0777309215 -0.1381836732 
1267709509089973248 49.0131972881 8.3803626378 114.9729232788 -3730.5307991897 -1015.6394937774 114.9729232788 -0.0590430000 2.0761669215 -0.1393776732 
1267709509195191808 49.0131957624 8.3803774047 114.9731674194 -3729.4523934856 -1015.8179166913 114.9731674194 -0.0590490000 2.0799329215 -0.1405756732 
1267709509298918144 49.0131943847 8.3803908020 114.9719696045 -3728.4740001271 -1015.9790651277 114.9719696045 -0.0618030000 2.0840039215 -0.1412426732 
1267709509405075456 49.0131928207 8.3804055183 114.9663085938 -3727.3993261066 -1016.1617114246 114.9663085938 -0.0644080000 2.0885049215 -0.1412056732 
1267709509510075648 49.0131914179 8.3804188968 114.9585418701 -3726.4223227967 -1016.3256344153 114.9585418701 -0.0639830000 2.0933059215 -0.1420336732 
1267709509615267072 49.0131898472 8.3804336134 114.9391250610 -3725.3476343650 -1016.5090315156 114.9391250610 -0.0609540000 2.0954049215 -0.1424876732 
1267709509720212480 49.0131884444 8.3804470353 114.9210128784 -3724.3674591089 -1016.6729827374 114.9210128784 -0.0604200000 2.0934949215 -0.1428086732 
1267709509825158656 49.0131868671 8.3804617792 114.8933181763 -3723.2907796985 -1016.8571206592 114.8933181763 -0.0592930000 2.0886889215 -0.1426516732 
1267709509930268160 49.0131854536 8.3804751949 114.8743667603 -3722.3110713011 -1017.0222628219 114.8743667603 -0.0579700000 2.0853869215 -0.1423956732 
1267709510035316992 49.0131838898 8.3804899610 114.8555603027 -3721.2327548212 -1017.2049118523 114.8555603027 -0.0589450000 2.0830219215 -0.1418856732 
1267709510140238592 49.0131824899 8.3805033757 114.8442382812 -3720.2531063300 -1017.3685392300 114.8442382812 -0.0581270000 2.0836079215 -0.1412866732 
1267709510245784832 49.0131809843 8.3805181244 114.8301544189 -3719.1760080263 -1017.5447109696 114.8301544189 -0.0555120000 2.0866629215 -0.1406936732 
1267709510350639616 49.0131796704 8.3805315719 114.8186416626 -3718.1938865330 -1017.6987915002 114.8186416626 -0.0545740000 2.0887399215 -0.1398686732 
1267709510455956224 49.0131782233 8.3805464027 114.8026580811 -3717.1107338578 -1017.8685129499 114.8026580811 -0.0522110000 2.0897789215 -0.1386936732 
1267709510560619008 49.0131769135 8.3805599360 114.7861633301 -3716.1223291957 -1018.0221985774 114.7861633301 -0.0515930000 2.0890979215 -0.1374116732 
1267709510665826304 49.0131754740 8.3805748296 114.7677459717 -3715.0345734009 -1018.1911002509 114.7677459717 -0.0511750000 2.0886149215 -0.1356286732 
1267709510771556864 49.0131740779 8.3805897871 114.7503509521 -3713.9421117170 -1018.3552231099 114.7503509521 -0.0526290000 2.0861699215 -0.1337936732 
1267709510875735296 49.0131728080 8.3806033990 114.7375259399 -3712.9479243852 -1018.5045128763 114.7375259399 -0.0542000000 2.0850079215 -0.1321856732 
1267709510983575552 49.0131714303 8.3806183912 114.7306365967 -3711.8529022979 -1018.6666128691 114.7306365967 -0.0566240000 2.0855569215 -0.1305796732 
1267709511088362496 49.0131701509 8.3806320225 114.7228469849 -3710.8573057706 -1018.8169697011 114.7228469849 -0.0593670000 2.0866799215 -0.1293826732 
1267709511193832704 49.0131687705 8.3806470811 114.7132415771 -3709.7574380029 -1018.9794128640 114.7132415771 -0.0647860000 2.0846899215 -0.1283206732 
1267709511294908928 49.0131675030 8.3806607962 114.7081680298 -3708.7557023573 -1019.1284895036 114.7081680298 -0.0697530000 2.0816969215 -0.1275206732 
1267709511403565056 49.0131661140 8.3806758884 114.7058486938 -3707.6533814612 -1019.2919098902 114.7058486938 -0.0746740000 2.0791289215 -0.1268836732 
1267709511507304192 49.0131648323 8.3806896006 114.7068023682 -3706.6518735362 -1019.4425688731 114.7068023682 -0.0736770000 2.0774369215 -0.1260706732 
1267709511611239168 49.0131634713 8.3807047123 114.7061004639 -3705.5480971324 -1019.6028840207 114.7061004639 -0.0753010000 2.0766899215 -0.1255186732 
1267709511716178688 49.0131622162 8.3807184057 114.7106781006 -3704.5479380872 -1019.7505740384 114.7106781006 -0.0732420000 2.0779879215 -0.1246246732 
1267709511821183744 49.0131608779 8.3807335044 114.7135238647 -3703.4450922457 -1019.9083574545 114.7135238647 -0.0658910000 2.0771829215 -0.1254206732 
1267709511926176512 49.0131596879 8.3807472385 114.7144622803 -3702.4418967292 -1020.0488360114 114.7144622803 -0.0639330000 2.0757279215 -0.1259246732 
1267709512031300096 49.0131583504 8.3807623037 114.7185363770 -3701.3415022669 -1020.2065013312 114.7185363770 -0.0605330000 2.0789049215 -0.1254566732 
1267709512136625920 49.0131571447 8.3807760103 114.7217254639 -3700.3403338639 -1020.3487074021 114.7217254639 -0.0606650000 2.0835509215 -0.1253066732 
1267709512241355264 49.0131557944 8.3807911269 114.7214431763 -3699.2361975958 -1020.5078295022 114.7214431763 -0.0567970000 2.0853849215 -0.1254416732 
1267709512346795520 49.0131546092 8.3808049160 114.7144393921 -3698.2289736691 -1020.6478137244 114.7144393921 -0.0592450000 2.0832089215 -0.1252746732 
1267709512451859968 49.0131532627 8.3808200677 114.7109527588 -3697.1222590033 -1020.8065318745 114.7109527588 -0.0588600000 2.0813879215 -0.1240236732 
1267709512556952576 49.0131520579 8.3808338320 114.7099838257 -3696.1168730033 -1020.9486728851 114.7099838257 -0.0608280000 2.0807939215 -0.1234786732 
1267709512661768704 49.0131507247 8.3808489512 114.7082290649 -3695.0125244597 -1021.1058938187 114.7082290649 -0.0617080000 2.0813519215 -0.1224296732 
1267709512766625280 49.0131495082 8.3808626728 114.7080535889 -3694.0102702873 -1021.2493155217 114.7080535889 -0.0603340000 2.0825199215 -0.1214106732 
1267709512871661568 49.0131483097 8.3808763947 114.7065734863 -3693.0079728796 -1021.3907342125 114.7065734863 -0.0599110000 2.0832879215 -0.1206236732 
1267709512976921600 49.0131470140 8.3808914784 114.7054748535 -3691.9061872333 -1021.5437621111 114.7054748535 -0.0596870000 2.0822509215 -0.1198306732 
1267709513081799680 49.0131457027 8.3809064957 114.7022933960 -3690.8092704790 -1021.6984960204 114.7022933960 -0.0572330000 2.0819099215 -0.1192556732 
1267709513187003392 49.0131445394 8.3809201115 114.7008819580 -3689.8147014545 -1021.8359331153 114.7008819580 -0.0556600000 2.0817519215 -0.1188746732 
1267709513292224512 49.0131432463 8.3809350374 114.7007904053 -3688.7244551979 -1021.9885843154 114.7007904053 -0.0584730000 2.0812899215 -0.1187236732 
1267709513396888576 49.0131420843 8.3809485696 114.7005920410 -3687.7359970830 -1022.1258266484 114.7005920410 -0.0577080000 2.0804509215 -0.1187926732 
1267709513502310656 49.0131408346 8.3809633933 114.7031478882 -3686.6531819180 -1022.2735882932 114.7031478882 -0.0568430000 2.0816039215 -0.1191756732 
1267709513607315200 49.0131397063 8.3809768127 114.7041931152 -3685.6729396394 -1022.4070197698 114.7041931152 -0.0599220000 2.0822859215 -0.1191186732 
1267709513712423936 49.0131384964 8.3809915675 114.7007141113 -3684.5951267505 -1022.5503103398 114.7007141113 -0.0647460000 2.0785629215 -0.1190076732 
1267709513817540864 49.0131373515 8.3810049197 114.6979827881 -3683.6198111411 -1022.6855499940 114.6979827881 -0.0643890000 2.0775219215 -0.1192066732 
1267709513922912512 49.0131361309 8.3810195402 114.7000198364 -3682.5518287571 -1022.8299600147 114.7000198364 -0.0659500000 2.0819199215 -0.1190056732 
1267709514027669248 49.0131350045 8.3810327839 114.7045288086 -3681.5844376900 -1022.9630649285 114.7045288086 -0.0657830000 2.0871679215 -0.1185946732 
1267709514132917760 49.0131337977 8.3810473830 114.6904144287 -3680.5180066135 -1023.1059305742 114.6904144287 -0.0652050000 2.0844039215 -0.1189886732 
1267709514237924096 49.0131326923 8.3810606250 114.6791381836 -3679.5507189241 -1023.2367055994 114.6791381836 -0.0614620000 2.0812989215 -0.1193806732 
1267709514342959872 49.0131315176 8.3810751548 114.6708145142 -3678.4893233415 -1023.3759540915 114.6708145142 -0.0596350000 2.0797349215 -0.1194786732 
1267709514448046336 49.0131304454 8.3810883312 114.6691360474 -3677.5268035607 -1023.5029975558 114.6691360474 -0.0569310000 2.0816809215 -0.1187916732 
1267709514553105408 49.0131293859 8.3811015036 114.6653900146 -3676.5645610201 -1023.6286352873 114.6653900146 -0.0572070000 2.0855849215 -0.1180026732 
1267709514658681600 49.0131282165 8.3811159800 114.6521911621 -3675.5070640933 -1023.7672677385 114.6521911621 -0.0582180000 2.0908409215 -0.1165586732 
1267709514763339776 49.0131270502 8.3811305118 114.6368484497 -3674.4455222157 -1023.9055744857 114.6368484497 -0.0558780000 2.0925249215 -0.1151626732 
1267709514870811648 49.0131258641 8.3811451003 114.6160659790 -3673.3798450496 -1024.0461326931 114.6160659790 -0.0527320000 2.0884309215 -0.1139656732 
1267709514973861632 49.0131248432 8.3811584002 114.6000213623 -3672.4082468845 -1024.1675485568 114.6000213623 -0.0512760000 2.0840209215 -0.1124526732 
1267709515078572288 49.0131238339 8.3811717457 114.5866699219 -3671.4333010375 -1024.2876965804 114.5866699219 -0.0539880000 2.0797559215 -0.1115436732 
1267709515183702272 49.0131227344 8.3811864194 114.5775146484 -3670.3613133412 -1024.4186781356 114.5775146484 -0.0570080000 2.0792819215 -0.1100776732 
1267709515288701440 49.0131217060 8.3811998155 114.5763702393 -3669.3826883500 -1024.5409772294 114.5763702393 -0.0595940000 2.0783029215 -0.1081606732 
1267709515393534208 49.0131206472 8.3812145667 114.5759811401 -3668.3050011410 -1024.6674775397 114.5759811401 -0.0613730000 2.0781819215 -0.1061976732 
1267709515498782464 49.0131196799 8.3812279939 114.5768051147 -3667.3240392563 -1024.7830068236 114.5768051147 -0.0615240000 2.0794839215 -0.1046616732 
1267709515603732224 49.0131186717 8.3812427341 114.5774154663 -3666.2471153119 -1024.9038709197 114.5774154663 -0.0588650000 2.0860899215 -0.1036016732 
1267709515709024768 49.0131177528 8.3812561480 114.5753326416 -3665.2670861460 -1025.0140199531 114.5753326416 -0.0550440000 2.0911529215 -0.1030716732 
1267709515814372096 49.0131167715 8.3812709611 114.5632476807 -3664.1847978376 -1025.1319339015 114.5632476807 -0.0505260000 2.0904089215 -0.1028066732 
1267709515918956032 49.0131158730 8.3812844218 114.5502014160 -3663.2013340364 -1025.2398425117 114.5502014160 -0.0510650000 2.0867579215 -0.1019446732 
1267709516024427520 49.0131149138 8.3812992102 114.5391845703 -3662.1208291613 -1025.3552800138 114.5391845703 -0.0540360000 2.0831399215 -0.1009156732 
1267709516129322240 49.0131140197 8.3813125999 114.5295944214 -3661.1425500473 -1025.4626578009 114.5295944214 -0.0575800000 2.0820159215 -0.1009976732 
1267709516234743552 49.0131130720 8.3813272843 114.5197753906 -3660.0696485967 -1025.5767595181 114.5197753906 -0.0593400000 2.0823999215 -0.1014046732 
1267709516340036864 49.0131120972 8.3813419132 114.5132751465 -3659.0008252247 -1025.6938427091 114.5132751465 -0.0627780000 2.0845099215 -0.1018416732 
1267709516445180416 49.0131112043 8.3813551568 114.5051879883 -3658.0332248627 -1025.8010001238 114.5051879883 -0.0649190000 2.0866709215 -0.1023446732 
1267709516550403584 49.0131102211 8.3813696913 114.4941635132 -3656.9713125543 -1025.9189607501 114.4941635132 -0.0677080000 2.0858899215 -0.1034966732 
1267709516655508224 49.0131093242 8.3813828540 114.4821090698 -3656.0096358948 -1026.0264998777 114.4821090698 -0.0671870000 2.0844659215 -0.1045346732 
1267709516760351744 49.0131083394 8.3813973152 114.4764328003 -3654.9530817126 -1026.1446024198 114.4764328003 -0.0673240000 2.0831549215 -0.1058216732 
1267709516864373248 49.0131074450 8.3814103780 114.4742202759 -3653.9987066423 -1026.2518066112 114.4742202759 -0.0658900000 2.0839469215 -0.1066256732 
1267709516970681088 49.0131064425 8.3814247050 114.4746856689 -3652.9519824189 -1026.3717854172 114.4746856689 -0.0682660000 2.0865849215 -0.1075086732 
1267709517075802112 49.0131054937 8.3814376848 114.4693069458 -3652.0037280632 -1026.4850006402 114.4693069458 -0.0687510000 2.0863949215 -0.1081756732 
1267709517180827648 49.0131044500 8.3814518962 114.4618225098 -3650.9654981941 -1026.6094900686 114.4618225098 -0.0681560000 2.0860319215 -0.1093966732 
1267709517285998592 49.0131034912 8.3814647470 114.4495315552 -3650.0266781478 -1026.7237322880 114.4495315552 -0.0707200000 2.0848839215 -0.1102476732 
1267709517390916352 49.0131023989 8.3814788494 114.4451446533 -3648.9964572981 -1026.8535643583 114.4451446533 -0.0683500000 2.0867379215 -0.1112826732 
1267709517496139264 49.0131014335 8.3814916214 114.4347000122 -3648.0634151716 -1026.9684885796 114.4347000122 -0.0678930000 2.0877759215 -0.1124776732 
1267709517601133824 49.0131003459 8.3815056139 114.4235382080 -3647.0412245663 -1027.0977324918 114.4235382080 -0.0671080000 2.0915679215 -0.1134236732 
1267709517706583040 49.0130993836 8.3815182922 114.4157562256 -3646.1150231495 -1027.2122597769 114.4157562256 -0.0647010000 2.0940889215 -0.1143926732 
1267709517811299584 49.0130983294 8.3815322392 114.4066162109 -3645.0961350661 -1027.3377603218 114.4066162109 -0.0695970000 2.0920739215 -0.1157686732 
1267709517916236032 49.0130973468 8.3815449085 114.3922653198 -3644.1706155477 -1027.4545374615 114.3922653198 -0.0734600000 2.0833879215 -0.1166336732 
1267709518021550336 49.0130962290 8.3815587752 114.3876037598 -3643.1576563835 -1027.5870638471 114.3876037598 -0.0709730000 2.0779929215 -0.1176516732 
1267709518126304256 49.0130952054 8.3815712648 114.3797073364 -3642.2453072151 -1027.7082875520 114.3797073364 -0.0728900000 2.0753999215 -0.1179416732 
1267709518231215616 49.0130940632 8.3815848168 114.3779602051 -3641.2553837398 -1027.8433313705 114.3779602051 -0.0702460000 2.0784479215 -0.1183096732 
1267709518336269312 49.0130930762 8.3815970041 114.3752670288 -3640.3651092736 -1027.9603192601 114.3752670288 -0.0665140000 2.0811279215 -0.1197826732 
1267709518441248768 49.0130920128 8.3816102044 114.3785552979 -3639.4008263921 -1028.0863906769 114.3785552979 -0.0646580000 2.0849259215 -0.1207166732 
1267709518546049280 49.0130910961 8.3816219692 114.3714599609 -3638.5413814042 -1028.1953076320 114.3714599609 -0.0632330000 2.0863429215 -0.1213426732 
1267709518651292160 49.0130900809 8.3816346438 114.3654174805 -3637.6154993636 -1028.3157075420 114.3654174805 -0.0603600000 2.0856699215 -0.1221056732 
1267709518756560640 49.0130891557 8.3816459163 114.3609542847 -3636.7920652368 -1028.4252788518 114.3609542847 -0.0628460000 2.0844989215 -0.1223536732 
1267709518861760512 49.0130881167 8.3816580196 114.3575897217 -3635.9079789206 -1028.5479841223 114.3575897217 -0.0649970000 2.0835509215 -0.1219906732 
1267709518966386688 49.0130872388 8.3816687357 114.3562622070 -3635.1251853520 -1028.6519600777 114.3562622070 -0.0627640000 2.0840869215 -0.1223236732 
1267709519071169280 49.0130862979 8.3816802010 114.3582992554 -3634.2876589276 -1028.7633816916 114.3582992554 -0.0602440000 2.0854959215 -0.1220806732 
1267709519176593920 49.0130854270 8.3816903425 114.3566741943 -3633.5468707132 -1028.8662353978 114.3566741943 -0.0590000000 2.0858489215 -0.1211506732 
1267709519281708800 49.0130845537 8.3817012298 114.3583984375 -3632.7515528140 -1028.9698106376 114.3583984375 -0.0594690000 2.0877409215 -0.1204766732 
1267709519386821888 49.0130837624 8.3817108816 114.3615722656 -3632.0465089231 -1029.0635188231 114.3615722656 -0.0529340000 2.0894799215 -0.1201436732 
1267709519491960576 49.0130829573 8.3817211905 114.3651275635 -3631.2934157614 -1029.1591584645 114.3651275635 -0.0508000000 2.0905209215 -0.1198646732 
1267709519598718464 49.0130821898 8.3817303200 114.3628387451 -3630.6265365087 -1029.2499207463 114.3628387451 -0.0499860000 2.0895859215 -0.1187546732 
1267709519703389696 49.0130813391 8.3817400494 114.3559646606 -3629.9158688872 -1029.3502829494 114.3559646606 -0.0493160000 2.0873599215 -0.1179406732 
1267709519809709824 49.0130805014 8.3817494193 114.3459625244 -3629.2314724347 -1029.4489800949 114.3459625244 -0.0493130000 2.0853379215 -0.1171086732 
1267709519914121984 49.0130797552 8.3817576781 114.3427124023 -3628.6282433679 -1029.5368480971 114.3427124023 -0.0488660000 2.0855409215 -0.1149786732 
1267709520017994240 49.0130790207 8.3817657059 114.3405914307 -3628.0418966301 -1029.6232830686 114.3405914307 -0.0521290000 2.0844339215 -0.1122746732 
1267709520121803520 49.0130782708 8.3817743170 114.3365707397 -3627.4129020018 -1029.7117747962 114.3365707397 -0.0536490000 2.0828569215 -0.1082066732 
1267709520226773760 49.0130775983 8.3817819129 114.3329467773 -3626.8580812686 -1029.7910550488 114.3329467773 -0.0555300000 2.0820909215 -0.1025846732 
1267709520331584256 49.0130769307 8.3817900822 114.3300781250 -3626.2613233584 -1029.8701378461 114.3300781250 -0.0558460000 2.0814459215 -0.0940416732 
1267709520436766464 49.0130763495 8.3817973274 114.3301696777 -3625.7320613040 -1029.9390613697 114.3301696777 -0.0562290000 2.0817719215 -0.0843826732 
1267709520541619456 49.0130758289 8.3818051782 114.3332901001 -3625.1584564727 -1030.0016085813 114.3332901001 -0.0581410000 2.0833269215 -0.0708586732 
1267709520646532864 49.0130753803 8.3818121797 114.3309097290 -3624.6468970299 -1030.0556475883 114.3309097290 -0.0582040000 2.0841509215 -0.0566286732 
1267709520751967744 49.0130750338 8.3818197837 114.3280792236 -3624.0911844324 -1030.0986899845 114.3280792236 -0.0619800000 2.0836289215 -0.0399326732 
1267709520856261120 49.0130747153 8.3818265496 114.3241653442 -3623.5967291248 -1030.1381291272 114.3241653442 -0.0578130000 2.0804069215 -0.0229976732 
1267709520961294080 49.0130746030 8.3818338268 114.3210906982 -3623.0647072573 -1030.1549532190 114.3210906982 -0.0547410000 2.0766989215 -0.0022756732 
1267709521066115840 49.0130745726 8.3818403159 114.3141174316 -3622.5902317539 -1030.1621883390 114.3141174316 -0.0521090000 2.0740689215 0.0178573268 
1267709521170777600 49.0130746937 8.3818473739 114.3092193604 -3622.0740204775 -1030.1529358886 114.3092193604 -0.0505040000 -0.0005730000 0.0414383268 
1267709521276272384 49.0130748719 8.3818536940 114.3070449829 -3621.6117135680 -1030.1368875112 114.3070449829 -0.0536990000 -0.0012480000 0.0656793268 
1267709521380857600 49.0130752063 8.3818605957 114.3125228882 -3621.1067413967 -1030.1038247095 114.3125228882 -0.0526650000 -0.0003820000 0.0939083268 
1267709521484554752 49.0130756178 8.3818667458 114.3225402832 -3620.6566544251 -1030.0617424510 114.3225402832 -0.0499770000 2.0735389215 0.1200303268 
1267709521590598656 49.0130760982 8.3818734793 114.3256301880 -3620.1638495809 -1030.0123541960 114.3256301880 -0.0481880000 -0.0010110000 0.1514403268 
1267709521695681536 49.0130767451 8.3818794895 114.3250274658 -3619.7237804584 -1029.9440122359 114.3250274658 -0.0476860000 -0.0026310000 0.1819503268 
1267709521800337408 49.0130775548 8.3818859860 114.3274002075 -3619.2480053272 -1029.8578730617 114.3274002075 -0.0464450000 -0.0012850000 0.2178803268 
1267709521905174528 49.0130784556 8.3818917385 114.3220596313 -3618.8265525216 -1029.7611647043 114.3220596313 -0.0434370000 2.0724319215 0.2518203268 
1267709522009661440 49.0130794625 8.3818973761 114.3195495605 -3618.4134022431 -1029.6525832200 114.3195495605 -0.0369410000 2.0742629215 0.2860953268 
1267709522114625792 49.0130807000 8.3819034054 114.3155899048 -3617.9714049955 -1029.5186131941 114.3155899048 -0.0318780000 2.0768219215 0.3247943268 
1267709522219566080 49.0130820495 8.3819092824 114.3180847168 -3617.5404387751 -1029.3720996045 114.3180847168 -0.0308250000 2.0807339215 0.3645513268 
1267709522324719104 49.0130833756 8.3819144962 114.3168411255 -3617.1579908365 -1029.2277890155 114.3168411255 -0.0304950000 2.0828909215 0.4019363268 
1267709522429153280 49.0130849830 8.3819200914 114.3150939941 -3616.7473980737 -1029.0524317613 114.3150939941 -0.0266190000 2.0841859215 0.4445643268 
1267709522534540800 49.0130865594 8.3819250509 114.3093490601 -3616.3833165158 -1028.8801494082 114.3093490601 -0.0192180000 2.0842829215 0.4854093268 
1267709522639119616 49.0130884438 8.3819303028 114.3059921265 -3615.9975807004 -1028.6737882271 114.3059921265 -0.0152890000 2.0865079215 0.5324523268 
1267709522744172288 49.0130903107 8.3819349374 114.3039703369 -3615.6569921662 -1028.4690152081 114.3039703369 -0.0146640000 2.0891949215 0.5756653268 
1267709522848873216 49.0130924518 8.3819398077 114.2987823486 -3615.2989290464 -1028.2339007780 114.2987823486 -0.0164360000 2.0920909215 0.6244243268 
1267709522953610496 49.0130945053 8.3819440852 114.2920532227 -3614.9842859057 -1028.0081709847 114.2920532227 -0.0165030000 2.0942979215 0.6695003268 
1267709523058789376 49.0130966827 8.3819481454 114.2874374390 -3614.6854215342 -1027.7685459955 114.2874374390 -0.0157460000 2.0966669215 0.7139903268 
1267709523163485184 49.0130991920 8.3819524212 114.2732696533 -3614.3704958409 -1027.4921417376 114.2732696533 -0.0140690000 2.0981259215 0.7633393268 
1267709523268303616 49.0131015585 8.3819561018 114.2600326538 -3614.0992131662 -1027.2312613996 114.2600326538 -0.0133970000 2.0979449215 0.8083913268 
1267709523373340160 49.0131043265 8.3819600263 114.2444686890 -3613.8097421403 -1026.9258984691 114.2444686890 -0.0142700000 2.0942619215 0.8585283268 
1267709523478256384 49.0131069788 8.3819634317 114.2334671021 -3613.5583277359 -1026.6330791619 114.2334671021 -0.0152640000 2.0913779215 0.9038313268 
1267709523583247360 49.0131100412 8.3819670373 114.2204360962 -3613.2919033992 -1026.2947981199 114.2204360962 -0.0162820000 2.0877589215 0.9527593268 
1267709523688738560 49.0131129800 8.3819701196 114.2075576782 -3613.0638580550 -1025.9699471872 114.2075576782 -0.0173030000 2.0841989215 0.9959133268 
1267709523793281536 49.0131163597 8.3819733694 114.1970748901 -3612.8231618482 -1025.5961811598 114.1970748901 -0.0165830000 2.0791959215 1.0414253268 
1267709523898603264 49.0131199052 8.3819764194 114.1912536621 -3612.5969311228 -1025.2038577478 114.1912536621 -0.0118460000 2.0753569215 1.0832963268 
1267709524003465728 49.0131232593 8.3819790220 114.1865310669 -3612.4035840154 -1024.8325524163 114.1865310669 -0.0113290000 2.0732809215 1.1186443268 
1267709524108964864 49.0131266719 8.3819814989 114.1839828491 -3612.2193746584 -1024.4546593148 114.1839828491 -0.0078470000 2.0738989215 1.1521083268 
1267709524214187776 49.0131306025 8.3819840052 114.1859893799 -3612.0325486847 -1024.0192125514 114.1859893799 -0.0125110000 2.0776619215 1.1840073268 
1267709524319490048 49.0131346181 8.3819864196 114.1896667480 -3611.8523690993 -1023.5742585147 114.1896667480 -0.0154630000 2.0780349215 1.2131563268 
1267709524424531712 49.0131383942 8.3819884756 114.1959075928 -3611.6986103274 -1023.1557145156 114.1959075928 -0.0121910000 2.0754809215 1.2374473268 
1267709524529980928 49.0131422581 8.3819904111 114.2008819580 -3611.5535880691 -1022.7273416361 114.2008819580 -0.0085100000 -0.0000180000 1.2609763268 
1267709524633911040 49.0131466462 8.3819924679 114.2015533447 -3611.3992118151 -1022.2407574840 114.2015533447 -0.0083050000 -0.0041210000 1.2889153268 
1267709524740575488 49.0131512237 8.3819943927 114.1923522949 -3611.2543238663 -1021.7330510290 114.1923522949 -0.0107610000 -0.0079640000 1.3156153268 
1267709524844421120 49.0131555143 8.3819960316 114.1914520264 -3611.1305974780 -1021.2570650568 114.1914520264 -0.0159730000 -0.0059680000 1.3384143268 
1267709524950772480 49.0131602707 8.3819977345 114.2050781250 -3611.0017774260 -1020.7293376680 114.2050781250 -0.0145610000 2.0740209215 1.3604693268 
1267709525056191488 49.0131647706 8.3819991761 114.2151336670 -3610.8922880208 -1020.2299675932 114.2151336670 -0.0090490000 2.0784749215 1.3789053268 
1267709525161489152 49.0131699088 8.3820006064 114.2239837646 -3610.7830495712 -1019.6596328551 114.2239837646 -0.0053290000 2.0820489215 1.3992723268 
1267709525266537472 49.0131748360 8.3820017622 114.2287673950 -3610.6940773153 -1019.1125837024 114.2287673950 -0.0068570000 2.0810249215 1.4172973268 
1267709525371740928 49.0131803692 8.3820029844 114.2272338867 -3610.5996923054 -1018.4982178845 114.2272338867 -0.0123340000 2.0769369215 1.4380343268 
1267709525476877056 49.0131855391 8.3820039628 114.2350845337 -3610.5234765566 -1017.9240947189 114.2350845337 -0.0130770000 2.0754149215 1.4570923268 
1267709525582207488 49.0131913457 8.3820048490 114.2353744507 -3610.4534156515 -1017.2791275308 114.2353744507 -0.0117950000 2.0752599215 1.4758023268 
1267709525687290368 49.0131967800 8.3820055688 114.2340011597 -3610.3958606716 -1016.6754510105 114.2340011597 -0.0094100000 2.0750379215 1.4940723268 
1267709525792397312 49.0132028511 8.3820061997 114.2359466553 -3610.3442334307 -1016.0009435797 114.2359466553 -0.0111480000 2.0777679215 1.5149263268 
1267709525897638400 49.0132084940 8.3820065928 114.2445449829 -3610.3103862714 -1015.3738842523 114.2445449829 -0.0121740000 2.0818729215 1.5332333268 
1267709526002909184 49.0132148171 8.3820068972 114.2507476807 -3610.2823991383 -1014.6711595170 114.2507476807 -0.0157500000 2.0833099215 1.5547643268 
1267709526107842560 49.0132206969 8.3820069981 114.2443237305 -3610.2696981573 -1014.0175977442 114.2443237305 -0.0167340000 2.0820649215 -2.6371520588 
1267709526213064704 49.0132266654 8.3820068915 114.2391281128 -3610.2720959779 -1013.3540474456 114.2391281128 -0.0161200000 2.0805849215 -2.6189240588 
1267709526318110208 49.0132332801 8.3820065970 114.2383346558 -3610.2876427362 -1012.6185441790 114.2383346558 -0.0178370000 2.0831959215 -2.5987090588 
1267709526423452416 49.0132399433 8.3820061176 114.2368545532 -3610.3166643732 -1011.8775550378 114.2368545532 -0.0191420000 2.0862919215 -2.5791570588 
1267709526528622592 49.0132460829 8.3820055724 114.2359542847 -3610.3509757905 -1011.1947204024 114.2359542847 -0.0209250000 2.0854479215 -2.5614130588 
1267709526633883648 49.0132528800 8.3820048292 114.2367477417 -3610.3991707193 -1010.4386832314 114.2367477417 -0.0186250000 2.0837479215 -2.5440500588 
1267709526739340288 49.0132597658 8.3820038442 114.2363128662 -3610.4649571562 -1009.6726408014 114.2363128662 -0.0173950000 2.0793409215 -2.5273820588 
1267709526844287488 49.0132661580 8.3820027708 114.2316513062 -3610.5376638287 -1008.9614157099 114.2316513062 -0.0168080000 2.0765079215 -2.5128380588 
1267709526949529856 49.0132733332 8.3820015101 114.2271881104 -3610.6233561512 -1008.1630330253 114.2271881104 -0.0152150000 2.0768399215 -2.4978810588 
1267709527055202048 49.0132798813 8.3820001823 114.2253036499 -3610.7145191351 -1007.4343232652 114.2253036499 -0.0161860000 2.0802679215 -2.4860560588 
1267709527159978752 49.0132871600 8.3819986111 114.2228698730 -3610.8228207279 -1006.6242570356 114.2228698730 -0.0126880000 2.0826289215 -2.4732720588 
1267709527265453824 49.0132938205 8.3819969323 114.2170486450 -3610.9395500594 -1005.8828405309 114.2170486450 -0.0131650000 2.0807889215 -2.4611860588 
1267709527370779136 49.0133005115 8.3819951117 114.2098541260 -3611.0666209038 -1005.1379549392 114.2098541260 -0.0139470000 2.0803179215 -2.4482350588 
1267709527475634944 49.0133078995 8.3819928980 114.2039794922 -3611.2218051318 -1004.3153559882 114.2039794922 -0.0171150000 2.0791529215 -2.4346270588 
1267709527581096448 49.0133153874 8.3819904656 114.1976699829 -3611.3928891475 -1003.4815140348 114.1976699829 -0.0166040000 2.0791739215 -2.4208390588 
1267709527686406400 49.0133221709 8.3819881711 114.1955108643 -3611.5545327686 -1002.7260706145 114.1955108643 -0.0175420000 2.0783329215 -2.4084290588 
1267709527791726080 49.0133297483 8.3819855125 114.1864089966 -3611.7420760053 -1001.8821459105 114.1864089966 -0.0185670000 2.0747619215 -2.3945310588 
1267709527896905728 49.0133366157 8.3819829876 114.1843566895 -3611.9204824590 -1001.1172241922 114.1843566895 -0.0164420000 2.0740009215 -2.3831970588 
1267709528001992192 49.0133442146 8.3819800421 114.1862335205 -3612.1289908951 -1000.2707468979 114.1862335205 -0.0167160000 2.0742449215 -2.3718740588 
1267709528107267584 49.0133511129 8.3819772784 114.1876525879 -3612.3248335951 -999.5022491487 114.1876525879 -0.0169750000 2.0740979215 -2.3618690588 
1267709528212509440 49.0133580195 8.3819744603 114.1884460449 -3612.5246440312 -998.7328025158 114.1884460449 -0.0124980000 2.0747339215 -2.3519270588 
1267709528318200832 49.0133656314 8.3819711365 114.1831512451 -3612.7608023274 -997.8846567543 114.1831512451 -0.0120750000 2.0744209215 -2.3403870588 
1267709528423308032 49.0133731964 8.3819677013 114.1848983765 -3613.0051471751 -997.0416424032 114.1848983765 -0.0135280000 2.0758679215 -2.3282770588 
1267709528528425728 49.0133807003 8.3819641492 114.1862487793 -3613.2580907859 -996.2053612787 114.1862487793 -0.0124700000 2.0768519215 -2.3173610588 
1267709528633253376 49.0133874419 8.3819608216 114.1877822876 -3613.4953076753 -995.4539607186 114.1877822876 -0.0125520000 2.0797119215 -2.3068640588 
1267709528738399488 49.0133941857 8.3819574001 114.1879882812 -3613.7393903787 -994.7022417104 114.1879882812 -0.0109200000 2.0810909215 -2.2969440588 
1267709528843915264 49.0134015617 8.3819535517 114.1908264160 -3614.0141160400 -993.8800045662 114.1908264160 -0.0123690000 2.0800069215 -2.2858540588 
1267709528949023232 49.0134089222 8.3819496235 114.1871337891 -3614.2946931774 -993.0594388787 114.1871337891 -0.0161010000 2.0792069215 -2.2748780588 
1267709529054253312 49.0134155450 8.3819459454 114.1871871948 -3614.5576518049 -992.3210316692 114.1871871948 -0.0164070000 2.0802159215 -2.2647920588 
1267709529159529216 49.0134226914 8.3819418315 114.1923828125 -3614.8520025077 -991.5241463361 114.1923828125 -0.0161410000 2.0822399215 -2.2527180588 
1267709529265026816 49.0134291337 8.3819379216 114.1972656250 -3615.1320695909 -990.8056690283 114.1972656250 -0.0204580000 2.0835489215 -2.2411110588 
1267709529369849600 49.0134361517 8.3819335868 114.2025604248 -3615.4426882836 -990.0229287772 114.2025604248 -0.0216600000 2.0833589215 -2.2274130588 
1267709529475216640 49.0134424871 8.3819294656 114.2064819336 -3615.7383056450 -989.3162013544 114.2064819336 -0.0222170000 2.0820499215 -2.2153500588 
1267709529579983104 49.0134493909 8.3819248743 114.1977996826 -3616.0677819656 -988.5460124211 114.1977996826 -0.0197530000 2.0819309215 -2.2020670588 
1267709529684304896 49.0134555998 8.3819205640 114.1909332275 -3616.3773346331 -987.8532374874 114.1909332275 -0.0203290000 2.0838719215 -2.1895940588 
1267709529790452224 49.0134623759 8.3819157752 114.1840667725 -3616.7213716376 -987.0971226282 114.1840667725 -0.0199140000 2.0847519215 -2.1763920588 
1267709529895924992 49.0134684803 8.3819113223 114.1773147583 -3617.0414528382 -986.4158771709 114.1773147583 -0.0165430000 2.0849729215 -2.1652370588 
1267709530000740352 49.0134750719 8.3819062518 114.1671524048 -3617.4062496633 -985.6801091647 114.1671524048 -0.0192510000 2.0818829215 -2.1531650588 
1267709530105934080 49.0134810171 8.3819015944 114.1657714844 -3617.7414262255 -985.0164422300 114.1657714844 -0.0216820000 2.0800979215 -2.1416310588 
1267709530211085824 49.0134874429 8.3818964249 114.1652984619 -3618.1136116124 -984.2990425108 114.1652984619 -0.0209460000 2.0817369215 -2.1283250588 
1267709530316061696 49.0134931944 8.3818915817 114.1685104370 -3618.4625499415 -983.6567942826 114.1685104370 -0.0222090000 2.0830229215 -2.1147550588 
1267709530421438208 49.0134994673 8.3818861892 114.1757888794 -3618.8511875113 -982.9562596278 114.1757888794 -0.0244550000 2.0847909215 -2.1001340588 
1267709530526606336 49.0135051223 8.3818811642 114.1737136841 -3619.2135057014 -982.3246262614 114.1737136841 -0.0255400000 2.0825059215 -2.0863420588 
1267709530632069888 49.0135112572 8.3818755461 114.1720733643 -3619.6187620094 -981.6392990937 114.1720733643 -0.0200040000 2.0791649215 -2.0725460588 
1267709530736822528 49.0135167415 8.3818703101 114.1739959717 -3619.9966626721 -981.0265214695 114.1739959717 -0.0170570000 2.0759779215 -2.0603430588 
1267709530842111488 49.0135226959 8.3818645316 114.1765899658 -3620.4138050504 -980.3611543085 114.1765899658 -0.0104070000 2.0763469215 -2.0455870588 
1267709530946863872 49.0135280099 8.3818591267 114.1792984009 -3620.8042113873 -979.7672131518 114.1792984009 -0.0074070000 2.0781209215 -2.0323710588 
1267709531052012288 49.0135337592 8.3818531227 114.1852798462 -3621.2380301671 -979.1245189384 114.1852798462 -0.0100710000 2.0820249215 -2.0170990588 
1267709531157143296 49.0135389209 8.3818476282 114.1924285889 -3621.6351278659 -978.5474478686 114.1924285889 -0.0083360000 2.0857479215 -2.0030840588 
1267709531262452992 49.0135445463 8.3818414813 114.1906967163 -3622.0795077672 -977.9184375387 114.1906967163 2.0754989215 2.0861039215 -1.9861520588 
1267709531367584512 49.0135500069 8.3818350623 114.1845932007 -3622.5439362283 -977.3075938690 114.1845932007 -0.0079300000 2.0843299215 -1.9689810588 
1267709531472519936 49.0135549376 8.3818292832 114.1837158203 -3622.9620500238 -976.7560301637 114.1837158203 -0.0091550000 2.0854959215 -1.9522500588 
1267709531577865984 49.0135602233 8.3818227811 114.1853103638 -3623.4327172368 -976.1645776061 114.1853103638 -0.0083460000 2.0942699215 -1.9362560588 
1267709531683327744 49.0135649341 8.3818167571 114.1811828613 -3623.8689395246 -975.6373086907 114.1811828613 -0.0105940000 2.1005309215 -1.9243520588 
1267709531788496640 49.0135700885 8.3818101047 114.1795730591 -3624.3507105653 -975.0603659982 114.1795730591 -0.0183900000 2.1043449215 -1.9100700588 
1267709531893734912 49.0135747406 8.3818039632 114.1709289551 -3624.7955754524 -974.5395589201 114.1709289551 -0.0193550000 2.1002389215 -1.8986020588 
1267709531999245824 49.0135798286 8.3817969993 114.1460723877 -3625.3001786957 -973.9698075335 114.1460723877 -0.0218640000 2.0844889215 -1.8858980588 
1267709532104263424 49.0135844067 8.3817905883 114.1275253296 -3625.7648212217 -973.4570681639 114.1275253296 -0.0279710000 -0.0003170000 -1.8722480588 
1267709532209072896 49.0135894122 8.3817834967 114.1235885620 -3626.2788395477 -972.8964061942 114.1235885620 -0.0214670000 -0.0063130000 -1.8574970588 
1267709532314536960 49.0135938626 8.3817768800 114.1294403076 -3626.7586405617 -972.3977318499 114.1294403076 -0.0167440000 -0.0076530000 -1.8454020588 
1267709532419528960 49.0135987044 8.3817695356 114.1385421753 -3627.2912940300 -971.8551310850 114.1385421753 -0.0153890000 -0.0041740000 -1.8316830588 
1267709532524872704 49.0136030594 8.3817627295 114.1440811157 -3627.7850280256 -971.3669491261 114.1440811157 -0.0190650000 2.0724139215 -1.8195250588 
1267709532630093056 49.0136078050 8.3817551604 114.1537246704 -3628.3341931661 -970.8349022660 114.1537246704 -0.0145670000 2.0809169215 -1.8072700588 
1267709532734759424 49.0136120929 8.3817481558 114.1606674194 -3628.8425052241 -970.3540646387 114.1606674194 -0.0115220000 2.0875329215 -1.7955440588 
1267709532840212736 49.0136167824 8.3817402771 114.1633758545 -3629.4143593862 -969.8280613022 114.1633758545 -0.0135650000 2.0901539215 -1.7806340588 
1267709532945381632 49.0136210334 8.3817329554 114.1575393677 -3629.9458919083 -969.3511464717 114.1575393677 -0.0164880000 2.0870709215 -1.7678910588 
1267709533052727552 49.0136256608 8.3817247386 114.1428146362 -3630.5425301800 -968.8318476230 114.1428146362 -0.0185560000 2.0819079215 -1.7540220588 
1267709533155638272 49.0136298295 8.3817171420 114.1346588135 -3631.0942301907 -968.3639038922 114.1346588135 -0.0175750000 2.0785389215 -1.7414590588 
1267709533260235520 49.0136343604 8.3817086616 114.1350860596 -3631.7102343028 -967.8551855450 114.1350860596 -0.0164810000 2.0788989215 -1.7274080588 
1267709533366353152 49.0136384386 8.3817008238 114.1355895996 -3632.2796559756 -967.3971647006 114.1355895996 -0.0175390000 2.0800769215 -1.7144560588 
1267709533470493440 49.0136428933 8.3816920578 114.1328659058 -3632.9166092899 -966.8967289692 114.1328659058 -0.0179990000 2.0813199215 -1.7000560588 
1267709533575621120 49.0136468604 8.3816839885 114.1351165771 -3633.5030549935 -966.4509209236 114.1351165771 -0.0183670000 2.0838069215 -1.6878380588 
1267709533681293568 49.0136511512 8.3816750724 114.1451644897 -3634.1511325059 -965.9686274361 114.1451644897 -0.0172410000 2.0870409215 -1.6743020588 
1267709533784713728 49.0136549687 8.3816667679 114.1336517334 -3634.7549225557 -965.5393145476 114.1336517334 -0.0193870000 2.0867729215 -1.6626770588 
1267709533891239424 49.0136591930 8.3816573914 114.1167144775 -3635.4367195968 -965.0641342206 114.1167144775 -0.0181240000 2.0848799215 -1.6511920588 
1267709533996134144 49.0136629296 8.3816486494 114.1085281372 -3636.0725716963 -964.6435425477 114.1085281372 -0.0168070000 2.0837009215 -1.6421750588 
1267709534101350656 49.0136669817 8.3816390552 114.1010055542 -3636.7704437352 -964.1873791050 114.1010055542 -0.0160920000 2.0833969215 -1.6326520588 
1267709534206629888 49.0136705775 8.3816302415 114.0900344849 -3637.4116625678 -963.7824090123 114.0900344849 -0.0166230000 2.0843279215 -1.6230250588 
1267709534311509760 49.0136744913 8.3816205553 114.0794601440 -3638.1163933190 -963.3415618856 114.0794601440 -0.0156990000 2.0847479215 -1.6129610588 
1267709534416763392 49.0136779411 8.3816116741 114.0700378418 -3638.7626788481 -962.9527670955 114.0700378418 -0.0152920000 2.0860369215 -1.6040410588 
1267709534521808640 49.0136817093 8.3816018995 114.0595626831 -3639.4739992743 -962.5280552907 114.0595626831 -0.0180190000 2.0839239215 -1.5943270588 
1267709534627523328 49.0136853684 8.3815920623 114.0476074219 -3640.1900063553 -962.1154393414 114.0476074219 -0.0185250000 2.0819629215 -1.5847870588 
1267709534732348416 49.0136886424 8.3815831569 114.0376663208 -3640.8382188079 -961.7461808836 114.0376663208 -0.0163940000 2.0831889215 -1.5760820588 
1267709534837311232 49.0136918203 8.3815741841 114.0237274170 -3641.4914504567 -961.3875604542 114.0237274170 -0.0165780000 2.0836369215 -1.5671120588 
1267709534942504192 49.0136949724 8.3815652695 114.0191040039 -3642.1404452370 -961.0318512022 114.0191040039 -0.0145560000 2.0839909215 -1.5579600588 
1267709535047713792 49.0136986422 8.3815545135 114.0159454346 -3642.9236181607 -960.6174909249 114.0159454346 -0.0135210000 2.0827889215 -1.5477720588 
1267709535152779264 49.0137013317 8.3815464494 114.0159912109 -3643.5108426279 -960.3137016008 114.0159912109 -0.0108330000 2.0815649215 -1.5404160588 
1267709535258042368 49.0137048617 8.3815357222 114.0202178955 -3644.2920374282 -959.9148981748 114.0202178955 -0.0071120000 2.0804879215 -1.5309550588 
1267709535363283712 49.0137077968 8.3815268413 114.0276565552 -3644.9387726552 -959.5833319193 114.0276565552 -0.0050350000 2.0808349215 -1.5231600588 
1267709535468505088 49.0137108176 8.3815172061 114.0205459595 -3645.6405796187 -959.2417871403 114.0205459595 -0.0023900000 2.0791739215 -1.5142950588 
1267709535573736192 49.0137134627 8.3815086212 114.0180664062 -3646.2659270354 -958.9426244833 114.0180664062 -0.0016910000 2.0818639215 -1.5064550588 
1267709535678843136 49.0137162356 8.3814993556 114.0197448730 -3646.9409312764 -958.6288549900 114.0197448730 2.0731329215 2.0852259215 -1.4982070588 
1267709535783959808 49.0137187063 8.3814910782 114.0319442749 -3647.5439490060 -958.3492752966 114.0319442749 -0.0021870000 2.0877179215 -1.4910160588 
1267709535886648064 49.0137212930 8.3814821528 114.0430221558 -3648.1942514786 -958.0564076807 114.0430221558 -0.0012870000 2.0884049215 -1.4825130588 
1267709535994129920 49.0137235836 8.3814741395 114.0461578369 -3648.7781226136 -957.7969893161 114.0461578369 -0.0019430000 2.0866859215 -1.4749420588 
1267709536099648000 49.0137260211 8.3814653935 114.0467300415 -3649.4154395418 -957.5208198857 114.0467300415 2.0742269215 2.0865149215 -1.4662750588 
1267709536204632832 49.0137281887 8.3814574729 114.0438308716 -3649.9926422655 -957.2751374869 114.0438308716 -0.0010820000 2.0891119215 -1.4586220588 
1267709536309532416 49.0137304948 8.3814488305 114.0380554199 -3650.6224985282 -957.0136358505 114.0380554199 -0.0029690000 2.0941849215 -1.4497070588 
1267709536414853888 49.0137325391 8.3814409379 114.0315017700 -3651.1977676253 -956.7816784289 114.0315017700 -0.0079880000 2.0967879215 -1.4423890588 
1267709536519783424 49.0137347765 8.3814322604 114.0191116333 -3651.8302583948 -956.5277852854 114.0191116333 -0.0100310000 2.0963699215 -1.4338840588 
1267709536623388160 49.0137367765 8.3814243495 114.0081100464 -3652.4069071208 -956.3007417517 114.0081100464 -0.0136390000 2.0939119215 -1.4246140588 
1267709536730039296 49.0137389104 8.3814156256 113.9894638062 -3653.0428788026 -956.0583289703 113.9894638062 -0.0167000000 2.0891159215 -1.4133940588 
1267709536835468544 49.0137407830 8.3814077003 113.9753265381 -3653.6206925370 -955.8454332585 113.9753265381 -0.0184080000 2.0853319215 -1.4034570588 
1267709536942274048 49.0137427393 8.3813990162 113.9708328247 -3654.2539216916 -955.6227895441 113.9708328247 -0.0226550000 2.0826889215 -1.3918560588 
1267709537045619456 49.0137444733 8.3813911361 113.9690322876 -3654.8285582165 -955.4253341109 113.9690322876 -0.0296240000 2.0800779215 -1.3812690588 
1267709537153080576 49.0137463298 8.3813825077 113.9659271240 -3655.4578012782 -955.2138088383 113.9659271240 -0.0309900000 2.0781239215 -1.3681940588 
1267709537255476736 49.0137479297 8.3813746720 113.9620285034 -3656.0293070193 -955.0312901549 113.9620285034 -0.0287290000 2.0773969215 -1.3548310588 
1267709537363326464 49.0137495765 8.3813660807 113.9627532959 -3656.6560310922 -954.8431050330 113.9627532959 -0.0242220000 2.0795109215 -1.3397650588 
1267709537465692672 49.0137510371 8.3813582958 113.9679718018 -3657.2239512494 -954.6760944901 113.9679718018 -0.0226500000 2.0820649215 -1.3253920588 
1267709537570970112 49.0137525051 8.3813497417 113.9683456421 -3657.8481152021 -954.5078116814 113.9683456421 -0.0209020000 2.0836839215 -1.3108690588 
1267709537676871424 49.0137538795 8.3813411818 113.9703750610 -3658.4727811400 -954.3499202076 113.9703750610 -0.0141050000 2.0842059215 -1.2985020588 
1267709537781087744 49.0137550792 8.3813334176 113.9730682373 -3659.0394291132 -954.2119337525 113.9730682373 -0.0070910000 2.0841229215 -1.2872390588 
1267709537888832256 49.0137562976 8.3813248763 113.9795608521 -3659.6628775381 -954.0714015560 113.9795608521 -0.0057560000 2.0846179215 -1.2733640588 
1267709537992822016 49.0137573528 8.3813171040 113.9784469604 -3660.2302437634 -953.9494668059 113.9784469604 -0.0097060000 2.0841009215 -1.2597250588 
1267709538096070400 49.0137583441 8.3813093555 113.9779815674 -3660.7959289402 -953.8346502092 113.9779815674 -0.0108500000 2.0839269215 -1.2465250588 
1267709538201820160 49.0137593750 8.3813007734 113.9883270264 -3661.4225328935 -953.7149349479 113.9883270264 -0.0098730000 2.0835369215 -1.2326050588 
1267709538306337024 49.0137603896 8.3812920941 113.9956436157 -3662.0562650100 -953.5969746253 113.9956436157 -0.0096910000 2.0838299215 -1.2170960588 
1267709538411560192 49.0137612451 8.3812840924 113.9942779541 -3662.6405882527 -953.4971018173 113.9942779541 -0.0117410000 2.0834179215 -1.2023340588 
1267709538516184576 49.0137620201 8.3812760053 113.9925689697 -3663.2312287970 -953.4061335856 113.9925689697 -0.0139150000 2.0840689215 -1.1882580588 
1267709538621662976 49.0137628154 8.3812670141 113.9984130859 -3663.8879610930 -953.3123646565 113.9984130859 -0.0137590000 2.0868649215 -1.1727330588 
1267709538726626048 49.0137635217 8.3812578901 114.0008773804 -3664.5544783740 -953.2284013079 114.0008773804 -0.0155340000 2.0857979215 -1.1562310588 
1267709538831634176 49.0137640703 8.3812494911 113.9986114502 -3665.1681371660 -953.1624118323 113.9986114502 -0.0161890000 2.0817029215 -1.1412720588 
1267709538936477696 49.0137645693 8.3812401359 113.9949645996 -3665.8517498267 -953.1013702601 113.9949645996 -0.0172850000 2.0757449215 -1.1255440588 
1267709539041714688 49.0137649389 8.3812315437 113.9936065674 -3666.4796954062 -953.0551623628 113.9936065674 -0.0157260000 -0.0019110000 -1.1124880588 
1267709539146896640 49.0137652884 8.3812220320 113.9998931885 -3667.1748911593 -953.0106371129 113.9998931885 -0.0101640000 -0.0052530000 -1.0991860588 
1267709539251938048 49.0137655046 8.3812132866 114.0091400146 -3667.8141715862 -952.9813862508 114.0091400146 -0.0058980000 -0.0067860000 -1.0865680588 
1267709539356990464 49.0137656634 8.3812035855 114.0259017944 -3668.5233897978 -952.9579492416 114.0259017944 -0.0083590000 -0.0076780000 -1.0723300588 
1267709539462068224 49.0137657210 8.3811946943 114.0375366211 -3669.1734765097 -952.9462465690 114.0375366211 -0.0134240000 -0.0061240000 -1.0603070588 
1267709539567161856 49.0137657072 8.3811848668 114.0499191284 -3669.8920966795 -952.9419270717 114.0499191284 -0.0123640000 -0.0016580000 -1.0489360588 
1267709539672819200 49.0137656225 8.3811758670 114.0664443970 -3670.5502512272 -952.9459736375 114.0664443970 -0.0062750000 2.0770469215 -1.0397910588 
1267709539777398784 49.0137654368 8.3811658571 114.0809707642 -3671.2823603519 -952.9606501460 114.0809707642 -0.0090080000 2.0839729215 -1.0294990588 
1267709539883006976 49.0137652577 8.3811565940 114.0813751221 -3671.9598595476 -952.9750383440 114.0813751221 -0.0130130000 2.0851539215 -1.0190600588 
1267709539987906048 49.0137649525 8.3811462998 114.0798339844 -3672.7128681868 -953.0028231880 114.0798339844 -0.0153720000 2.0850319215 -1.0082120588 
1267709540093132288 49.0137645936 8.3811368069 114.0736236572 -3673.4073322462 -953.0370632950 114.0736236572 -0.0128220000 2.0833369215 -0.9991540588 
1267709540198131456 49.0137640836 8.3811263177 114.0779266357 -3674.1747786840 -953.0875006514 114.0779266357 -0.0159580000 2.0822239215 -0.9884560588 
1267709540303612672 49.0137635946 8.3811166836 114.0827102661 -3674.8796893854 -953.1361161275 114.0827102661 -0.0138470000 2.0815409215 -0.9771970588 
1267709540409530112 49.0137629055 8.3811059816 114.0885925293 -3675.6628567122 -953.2063442152 114.0885925293 -0.0171830000 2.0795669215 -0.9654100588 
1267709540513828864 49.0137622088 8.3810961788 114.0930938721 -3676.3802887158 -953.2779439623 114.0930938721 -0.0176240000 2.0781569215 -0.9556140588 
1267709540618823168 49.0137614329 8.3810853124 114.1014938354 -3677.1755667824 -953.3577137468 114.1014938354 -0.0140760000 2.0793459215 -0.9465820588 
1267709540724076800 49.0137606624 8.3810753247 114.1042022705 -3677.9065840679 -953.4374172213 114.1042022705 -0.0107070000 2.0788729215 -0.9378840588 
1267709540828310272 49.0137597458 8.3810642820 114.1128234863 -3678.7148743832 -953.5327217933 114.1128234863 -0.0148070000 2.0805679215 -0.9274750588 
1267709540934428928 49.0137588901 8.3810541806 114.1175460815 -3679.4542788726 -953.6218226692 114.1175460815 -0.0148910000 2.0803479215 -0.9176110588 
1267709541039495680 49.0137578189 8.3810431000 114.1276550293 -3680.2654864489 -953.7342928946 114.1276550293 -0.0160740000 2.0835329215 -0.9081810588 
1267709541144330752 49.0137568049 8.3810329899 114.1303100586 -3681.0056757539 -953.8409870425 114.1303100586 -0.0138180000 2.0841149215 -0.8990650588 
1267709541249765120 49.0137555841 8.3810219011 114.1319961548 -3681.8176114696 -953.9700822392 114.1319961548 -0.0132490000 2.0848449215 -0.8888600588 
1267709541354801408 49.0137543687 8.3810118684 114.1341552734 -3682.5523236548 -954.0992171429 114.1341552734 -0.0152770000 2.0850919215 -0.8796600588 
1267709541460462592 49.0137529719 8.3810008846 114.1342926025 -3683.3567462491 -954.2479377482 114.1342926025 -0.0148220000 2.0885409215 -0.8696090588 
1267709541565288704 49.0137516465 8.3809909736 114.1356124878 -3684.0826594438 -954.3893617494 114.1356124878 -0.0136210000 2.0912259215 -0.8609880588 
1267709541670280448 49.0137501846 8.3809800959 114.1392211914 -3684.8793784437 -954.5453867046 114.1392211914 -0.0088270000 2.0914259215 -0.8499850588 
1267709541775347968 49.0137487398 8.3809702283 114.1319274902 -3685.6022252303 -954.7001118232 114.1319274902 -0.0141210000 2.0872629215 -0.8392220588 
1267709541880578816 49.0137471006 8.3809594422 114.1275405884 -3686.3924094455 -954.8759030094 114.1275405884 -0.0167060000 2.0839639215 -0.8272230588 
1267709541985645056 49.0137455453 8.3809496935 114.1294860840 -3687.1066677187 -955.0429862747 114.1294860840 -0.0144890000 2.0822539215 -0.8170280588 
1267709542090996736 49.0137437663 8.3809390929 114.1368331909 -3687.8834154395 -955.2344246423 114.1368331909 -0.0120230000 2.0843909215 -0.8055270588 
1267709542196058112 49.0137419082 8.3809285758 114.1446151733 -3688.6541228200 -955.4347070316 114.1446151733 -0.0121920000 2.0854669215 -0.7940230588 
1267709542301662464 49.0137401838 8.3809190619 114.1587448120 -3689.3513667934 -955.6207272336 114.1587448120 -0.0086970000 2.0870739215 -0.7829050588 
1267709542406274048 49.0137381412 8.3809087265 114.1612319946 -3690.1089559800 -955.8416232029 114.1612319946 -0.0148470000 2.0845539215 -0.7703430588 
1267709542511524352 49.0137362645 8.3808994521 114.1704635620 -3690.7888203132 -956.0447108252 114.1704635620 -0.0126590000 2.0843619215 -0.7595130588 
1267709542616749312 49.0137341590 8.3808894173 114.1769866943 -3691.5244917471 -956.2727851104 114.1769866943 -0.0098910000 2.0844039215 -0.7467500588 
1267709542721924864 49.0137321469 8.3808804493 114.1865386963 -3692.1820777514 -956.4911082815 114.1865386963 -0.0078730000 2.0831799215 -0.7364450588 
1267709542827240448 49.0137299328 8.3808707622 114.1924819946 -3692.8924179851 -956.7314623119 114.1924819946 -0.0046920000 2.0812339215 -0.7244170588 
1267709542932268544 49.0137278654 8.3808621581 114.2000656128 -3693.5234398635 -956.9561524298 114.2000656128 -0.0081760000 2.0797059215 -0.7149490588 
1267709543037436672 49.0137256182 8.3808528907 114.2095489502 -3694.2031274509 -957.2004382676 114.2095489502 -0.0076810000 2.0811699215 -0.7059530588 
1267709543143184128 49.0137235945 8.3808446128 114.2256088257 -3694.8102582531 -957.4204618074 114.2256088257 -0.0071000000 2.0834099215 -0.6976940588 
1267709543247981824 49.0137213254 8.3808356008 114.2360763550 -3695.4712930080 -957.6673300173 114.2360763550 -0.0045520000 2.0858039215 -0.6882780588 
1267709543353265920 49.0137191981 8.3808275456 114.2465591431 -3696.0622337932 -957.8990016133 114.2465591431 -0.0075770000 2.0878339215 -0.6795080588 
1267709543458615040 49.0137168247 8.3808187997 114.2541351318 -3696.7039015849 -958.1576226251 114.2541351318 -0.0091390000 2.0877069215 -0.6702790588 
1267709543563528960 49.0137146715 8.3808110128 114.2642364502 -3697.2752481633 -958.3923404226 114.2642364502 -0.0128520000 2.0865839215 -0.6641110588 
1267709543668743936 49.0137123172 8.3808026114 114.2714614868 -3697.8917070054 -958.6490464648 114.2714614868 -0.0136270000 2.0854619215 -0.6573240588 
1267709543774124288 49.0137102419 8.3807951592 114.2778854370 -3698.4385048611 -958.8753012884 114.2778854370 -0.0129560000 2.0858079215 -0.6503990588 
1267709543879233280 49.0137079596 8.3807871770 114.2781524658 -3699.0242493831 -959.1242487580 114.2781524658 -0.0100810000 2.0860469215 -0.6433540588 
1267709543983857152 49.0137058366 8.3807800775 114.2837295532 -3699.5453035875 -959.3560098698 114.2837295532 -0.0126040000 2.0875159215 -0.6361750588 
1267709544092168960 49.0137034846 8.3807723393 114.2887039185 -3700.1132688744 -959.6128519308 114.2887039185 -0.0141700000 2.0867419215 -0.6287630588 
1267709544197153280 49.0137009995 8.3807647412 114.2956161499 -3700.6711091942 -959.8845724873 114.2956161499 -0.0195860000 2.0852639215 -0.6213780588 
1267709544302289152 49.0136987765 8.3807578870 114.2975845337 -3701.1743212804 -960.1276030084 114.2975845337 -0.0201470000 2.0855319215 -0.6149720588 
1267709544407522816 49.0136963409 8.3807503763 114.2999191284 -3701.7257276454 -960.3938811133 114.2999191284 -0.0207670000 2.0838729215 -0.6072790588 
1267709544509992960 49.0136941233 8.3807436011 114.3020019531 -3702.2231507699 -960.6363609750 114.3020019531 -0.0210070000 2.0818439215 -0.5996570588 
1267709544613830144 49.0136919369 8.3807368974 114.3066253662 -3702.7153252428 -960.8754091738 114.3066253662 -0.0163630000 2.0823319215 -0.5919630588 
1267709544720179712 49.0136894690 8.3807295582 114.3061676025 -3703.2542156069 -961.1453730846 114.3061676025 -0.0142260000 2.0837949215 -0.5839080588 
1267709544825544448 49.0136869599 8.3807223217 114.3079681396 -3703.7856351525 -961.4199794121 114.3079681396 -0.0153340000 2.0883309215 -0.5754410588 
1267709544930571264 49.0136846411 8.3807158125 114.3081512451 -3704.2637066759 -961.6738629788 114.3081512451 -0.0169640000 2.0932079215 -0.5681100588 
1267709545035749632 49.0136823294 8.3807093717 114.3084487915 -3704.7367637792 -961.9269952551 114.3084487915 -0.0167120000 2.0976359215 -0.5611090588 
1267709545141081088 49.0136797569 8.3807022909 114.3081054688 -3705.2568607788 -962.2087442521 114.3081054688 -0.0118940000 2.0966169215 -0.5532510588 
1267709545246287104 49.0136771498 8.3806951989 114.3056488037 -3705.7778036601 -962.4943309370 114.3056488037 -0.0079410000 2.0900889215 -0.5449460588 
1267709545351338496 49.0136747393 8.3806888190 114.2988891602 -3706.2465017947 -962.7584879184 114.2988891602 -0.0075070000 2.0843059215 -0.5368360588 
1267709545456248832 49.0136720610 8.3806818909 114.2987213135 -3706.7555299166 -963.0520898085 114.2987213135 -0.0084250000 2.0802929215 -0.5279230588 
1267709545563049984 49.0136695959 8.3806756777 114.3054275513 -3707.2120874464 -963.3224075995 114.3054275513 -0.0103690000 2.0790109215 -0.5186470588 
1267709545666508032 49.0136668750 8.3806689151 114.3187637329 -3707.7090467791 -963.6208468545 114.3187637329 -0.0108420000 2.0781109215 -0.5072030588 
1267709545771723520 49.0136643294 8.3806627931 114.3259124756 -3708.1590132530 -963.9001754811 114.3259124756 -0.0098930000 2.0759819215 -0.4961460588 
1267709545876551168 49.0136614310 8.3806561050 114.3325500488 -3708.6506828804 -964.2183817569 114.3325500488 -0.0072550000 2.0728749215 -0.4832290588 
1267709545982707712 49.0136587307 8.3806500052 114.3395462036 -3709.0991683144 -964.5149223683 114.3395462036 -0.0053430000 -0.0028660000 -0.4709070588 
1267709546086644992 49.0136556820 8.3806433556 114.3471374512 -3709.5881645613 -964.8498570444 114.3471374512 -0.0039830000 -0.0028070000 -0.4563240588 
1267709546192186624 49.0136528634 8.3806373703 114.3469619751 -3710.0283781993 -965.1596191013 114.3469619751 -0.0043740000 2.0739889215 -0.4421970588 
1267709546297000448 49.0136496832 8.3806308119 114.3587265015 -3710.5108257080 -965.5092249895 114.3587265015 -0.0062690000 2.0796179215 -0.4249130588 
1267709546402935040 49.0136467044 8.3806248452 114.3727493286 -3710.9498202059 -965.8368084487 114.3727493286 -0.0081930000 2.0816129215 -0.4076000588 
1267709546509515776 49.0136433125 8.3806183176 114.3826446533 -3711.4302141691 -966.2099675788 114.3826446533 -0.0079480000 2.0842199215 -0.3878440588 
1267709546614645248 49.0136401207 8.3806124010 114.3859481812 -3711.8657410571 -966.5612487756 114.3859481812 -0.0074930000 2.0869849215 -0.3703910588 
1267709546719845632 49.0136365144 8.3806059017 114.3883514404 -3712.3442496981 -966.9582708990 114.3883514404 -0.0084280000 2.0888619215 -0.3513740588 
1267709546822293760 49.0136331235 8.3805999832 114.3945541382 -3712.7801042659 -967.3316874681 114.3945541382 -0.0117810000 2.0931779215 -0.3353320588 
1267709546927190528 49.0136292799 8.3805934783 114.4071273804 -3713.2592374672 -967.7550739450 114.4071273804 -0.0158020000 2.0980009215 -0.3184500588 
1267709547032140800 49.0136256548 8.3805874855 114.4074325562 -3713.7007351153 -968.1544832140 114.4074325562 -0.0168680000 2.0937799215 -0.3031870588 
1267709547137368832 49.0136214878 8.3805809392 114.4038848877 -3714.1831918224 -968.6137964958 114.4038848877 -0.0185950000 2.0846109215 -0.2875350588 
1267709547243208960 49.0136175983 8.3805749731 114.3976974487 -3714.6229722539 -969.0426094234 114.3976974487 -0.0234210000 2.0766189215 -0.2729510588 
1267709547347453952 49.0136132230 8.3805684109 114.3889007568 -3715.1067839378 -969.5250785816 114.3889007568 -0.0288010000 2.0723959215 -0.2568390588 
1267709547452530944 49.0136091762 8.3805625010 114.3935775757 -3715.5425995258 -969.9714037152 114.3935775757 -0.0327120000 2.0775659215 -0.2432840588 
1267709547560380160 49.0136046623 8.3805560405 114.4124298096 -3716.0191002168 -970.4693335639 114.4124298096 -0.0309280000 2.0913859215 -0.2288220588 
1267709547664575488 49.0136000163 8.3805495694 114.4265213013 -3716.4964976418 -970.9819438569 114.4265213013 -0.0269410000 2.1033189215 -0.2152180588 
1267709547768456192 49.0135955941 8.3805436428 114.4232406616 -3716.9338692619 -971.4700008137 114.4232406616 -0.0270440000 2.1020259215 -0.2040710588 
1267709547873133056 49.0135910286 8.3805376852 114.4105987549 -3717.3736467907 -971.9739736347 114.4105987549 -0.0316750000 2.0918029215 -0.1927370588 
1267709547978513920 49.0135858936 8.3805310372 114.3858184814 -3717.8644171589 -972.5408321917 114.3858184814 -0.0280440000 2.0763279215 -0.1806240588 
1267709548083537408 49.0135811024 8.3805250868 114.3743667603 -3718.3038721402 -973.0698923580 114.3743667603 -0.0231330000 -0.0021880000 -0.1718340588 
1267709548188713984 49.0135757933 8.3805185758 114.3781661987 -3718.7847867862 -973.6561919218 114.3781661987 -0.0184330000 2.0752919215 -0.1623390588 
1267709548294160384 49.0135708642 8.3805127254 114.3883209229 -3719.2170560351 -974.2006367305 114.3883209229 -0.0200980000 2.0835809215 -0.1535840588 
1267709548399320832 49.0135653622 8.3805062008 114.3892593384 -3719.6991396664 -974.8083708137 114.3892593384 -0.0135920000 2.0871719215 -0.1438730588 
1267709548505308928 49.0135597288 8.3804997062 114.3766403198 -3720.1791466507 -975.4307296211 114.3766403198 -0.0122270000 2.0853269215 -0.1363210588 
1267709548609591808 49.0135545381 8.3804938203 114.3668060303 -3720.6142435281 -976.0042377915 114.3668060303 -0.0116740000 2.0849469215 -0.1293860588 
1267709548715265280 49.0135487639 8.3804873763 114.3631286621 -3721.0906808672 -976.6422784720 114.3631286621 -0.0112790000 2.0861919215 -0.1214420588 
1267709548820627968 49.0135434495 8.3804815783 114.3605957031 -3721.5194686436 -977.2295915233 114.3605957031 -0.0116280000 2.0876009215 -0.1140970588 
1267709548926545408 49.0135375454 8.3804752198 114.3541641235 -3721.9897701005 -977.8821258238 114.3541641235 -0.0108490000 2.0867449215 -0.1043840588 
1267709549030474240 49.0135321738 8.3804695469 114.3529815674 -3722.4094642562 -978.4758759653 114.3529815674 -0.0133550000 2.0875079215 -0.0948460588 
1267709549137819136 49.0135262677 8.3804633693 114.3554306030 -3722.8665379626 -979.1287369160 114.3554306030 -0.0112840000 2.0888939215 -0.0841700588 
1267709549244386048 49.0135208190 8.3804578797 114.3502578735 -3723.2728963852 -979.7311597988 114.3502578735 -0.0121380000 2.0892999215 -0.0743370588 
1267709549348614912 49.0135147769 8.3804518849 114.3402023315 -3723.7167292775 -980.3992468165 114.3402023315 -0.0132940000 2.0873319215 -0.0638590588 
1267709549451244544 49.0135092574 8.3804464981 114.3334045410 -3724.1156336224 -981.0096078422 114.3334045410 -0.0113140000 2.0874519215 -0.0548530588 
1267709549556257280 49.0135031194 8.3804406993 114.3356246948 -3724.5452213672 -981.6884778589 114.3356246948 -0.0113180000 2.0887299215 -0.0449550588 
1267709549661441024 49.0134975627 8.3804354887 114.3342895508 -3724.9312772065 -982.3030734723 114.3342895508 -0.0101960000 2.0898789215 -0.0365620588 
1267709549769295872 49.0134914033 8.3804298598 114.3328552246 -3725.3484646155 -982.9844203787 114.3328552246 -0.0113280000 2.0908289215 -0.0279920588 
1267709549872171520 49.0134858049 8.3804248238 114.3288421631 -3725.7217824417 -983.6037615007 114.3288421631 -0.0151220000 2.0924949215 -0.0198190588 
1267709549982723072 49.0134796222 8.3804193662 114.3207397461 -3726.1264650226 -984.2877954273 114.3207397461 -0.0190530000 2.0959629215 -0.0112180588 
1267709550082514944 49.0134739997 8.3804144736 114.3117218018 -3726.4893274004 -984.9099076660 114.3117218018 -0.0172320000 2.0945409215 -0.0031990588 
1267709550187632896 49.0134677865 8.3804091601 114.3030548096 -3726.8834979379 -985.5974243311 114.3030548096 -0.0160210000 2.0884809215 0.0057619412 
1267709550292632832 49.0134621500 8.3804044134 114.2940902710 -3727.2357040894 -986.2211636519 114.2940902710 -0.0160570000 2.0814469215 0.0141709412 
1267709550399258368 49.0134559728 8.3803993085 114.2878494263 -3727.6145940910 -986.9048038367 114.2878494263 -0.0180270000 2.0773109215 0.0233519412 
1267709550502708736 49.0134503976 8.3803948096 114.2938079834 -3727.9486251595 -987.5218812861 114.2938079834 -0.0172510000 2.0803839215 0.0305289412 
1267709550608182016 49.0134442848 8.3803899394 114.3074035645 -3728.3102854298 -988.1985006724 114.3074035645 -0.0134680000 2.0852899215 0.0381129412 
1267709550713542400 49.0134387096 8.3803856200 114.3125076294 -3728.6311900473 -988.8156858627 114.3125076294 -0.0127590000 2.0838239215 0.0455179412 
1267709550817327616 49.0134326279 8.3803809250 114.3184967041 -3728.9800204316 -989.4889585217 114.3184967041 -0.0092270000 2.0808699215 0.0542749412 
1267709550923623168 49.0134270956 8.3803768402 114.3178863525 -3729.2837301643 -990.1015090719 114.3178863525 -0.0123620000 2.0796519215 0.0617319412 
1267709551027724288 49.0134210724 8.3803724022 114.3196029663 -3729.6137114395 -990.7684362894 114.3196029663 -0.0165180000 2.0805589215 0.0697679412 
1267709551133808640 49.0134156719 8.3803684806 114.3295135498 -3729.9053703006 -991.3664338635 114.3295135498 -0.0167410000 2.0853319215 0.0771529412 
1267709551244039936 49.0134092092 8.3803639373 114.3394470215 -3730.2434523094 -992.0821459247 114.3394470215 -0.0170460000 2.0871029215 0.0856379412 
1267709551343496448 49.0134044286 8.3803606190 114.3433761597 -3730.4904338418 -992.6115989946 114.3433761597 -0.0184680000 2.0868609215 0.0925219412 
1267709551449293312 49.0133986491 8.3803566581 114.3404693604 -3730.7853065940 -993.2517095609 114.3404693604 -0.0214570000 2.0875319215 0.1011109412 
1267709551556317440 49.0133929342 8.3803528217 114.3395919800 -3731.0710209394 -993.8847125098 114.3395919800 -0.0205570000 2.0907749215 0.1093789412 
1267709551659713280 49.0133877874 8.3803494838 114.3383560181 -3731.3197686133 -994.4548633602 114.3383560181 -0.0248910000 2.0972069215 0.1158579412 
1267709551767013888 49.0133821964 8.3803458820 114.3367462158 -3731.5882154463 -995.0742364898 114.3367462158 -0.0285470000 2.1004249215 0.1238449412 
1267709551870268416 49.0133771452 8.3803426851 114.3320159912 -3731.8265635655 -995.6338439286 114.3320159912 -0.0272460000 2.0940189215 0.1306369412 
1267709551979249920 49.0133716435 8.3803393227 114.3218917847 -3732.0774259088 -996.2434294103 114.3218917847 -0.0226550000 2.0814699215 0.1371119412 
1267709552080430848 49.0133667097 8.3803363609 114.3058090210 -3732.2984763233 -996.7901241221 114.3058090210 -0.0212820000 -0.0019610000 0.1436789412 
1267709552186419968 49.0133614754 8.3803332365 114.2922973633 -3732.5316883549 -997.3701263079 114.2922973633 -0.0255280000 -0.0083100000 0.1516379412 
1267709552291285248 49.0133569038 8.3803305419 114.3069534302 -3732.7328769999 -997.8767220648 114.3069534302 -0.0291120000 -0.0032980000 0.1565209412 
1267709552396052736 49.0133520780 8.3803277639 114.3382034302 -3732.9403850774 -998.4115210017 114.3382034302 -0.0258860000 2.0812509215 0.1618669412 
1267709552501166080 49.0133477914 8.3803253558 114.3617324829 -3733.1203643328 -998.8865947993 114.3617324829 -0.0240900000 2.0858659215 0.1676499412 
1267709552606605056 49.0133432274 8.3803228287 114.3723831177 -3733.3092931526 -999.3924518730 114.3723831177 -0.0231450000 2.0863879215 0.1738109412 
1267709552714383360 49.0133388678 8.3803204678 114.3850860596 -3733.4858879531 -999.8756714007 114.3850860596 -0.0257030000 2.0864399215 0.1798739412 
1267709552817259264 49.0133350282 8.3803184262 114.3969039917 -3733.6386598444 -1000.3012819327 114.3969039917 -0.0314550000 2.0861179215 0.1859959412 
1267709552921982976 49.0133313425 8.3803164357 114.4097213745 -3733.7875520200 -1000.7098128144 114.4097213745 -0.0348830000 2.0844699215 0.1922629412 
1267709553028096768 49.0133274273 8.3803144196 114.4193115234 -3733.9385268895 -1001.1438373560 114.4193115234 -0.0357180000 2.0837999215 0.1977789412 
1267709553132901888 49.0133240464 8.3803127005 114.4335327148 -3734.0672973586 -1001.5186440777 114.4335327148 -0.0341280000 2.0846859215 0.2031259412 
1267709553240455424 49.0133204488 8.3803109297 114.4413375854 -3734.2000490059 -1001.9175165324 114.4413375854 -0.0321390000 2.0844739215 0.2088639412 
1267709553343264512 49.0133173201 8.3803094506 114.4525451660 -3734.3110458883 -1002.2644355269 114.4525451660 -0.0331240000 2.0848539215 0.2142459412 
1267709553448056064 49.0133140107 8.3803078826 114.4660415649 -3734.4287029483 -1002.6313867336 114.4660415649 -0.0372480000 2.0861329215 0.2205979412 
1267709553554591232 49.0133108559 8.3803063715 114.4811325073 -3734.5420620122 -1002.9811866898 114.4811325073 -0.0420050000 2.0866279215 0.2277109412 
1267709553663706112 49.0133078006 8.3803049958 114.4878311157 -3734.6454344129 -1003.3200061312 114.4878311157 -0.0459520000 2.0845719215 0.2340859412 
1267709553763861760 49.0133051160 8.3803037872 114.4881744385 -3734.7362428684 -1003.6177121941 114.4881744385 -0.0438650000 2.0806209215 0.2406859412 
1267709553868715008 49.0133024974 8.3803026878 114.4881286621 -3734.8190142611 -1003.9081606101 114.4881286621 -0.0416160000 2.0789559215 0.2487419412 
1267709553977138432 49.0132996697 8.3803015906 114.4856719971 -3734.9018112088 -1004.2218418950 114.4856719971 -0.0407880000 2.0797129215 0.2580269412 
1267709554078609152 49.0132971958 8.3803005997 114.4913406372 -3734.9765095789 -1004.4962654179 114.4913406372 -0.0414950000 2.0818939215 0.2674209412 
1267709554183962880 49.0132945772 8.3802995988 114.4966278076 -3735.0520750161 -1004.7867583754 114.4966278076 -0.0439800000 2.0832509215 0.2792829412 
1267709554289289984 49.0132922840 8.3802987718 114.4962539673 -3735.1146271814 -1005.0411862768 114.4962539673 -0.0443430000 2.0830009215 0.2899549412 
1267709554394075648 49.0132898648 8.3802979470 114.4944076538 -3735.1771388069 -1005.3096255353 114.4944076538 -0.0424450000 2.0827919215 0.3023899412 
1267709554499552256 49.0132877552 8.3802972755 114.4950103760 -3735.2281564814 -1005.5437331246 114.4950103760 -0.0403860000 2.0837749215 0.3141769412 
1267709554603996672 49.0132855810 8.3802966266 114.5009613037 -3735.2775788337 -1005.7850378789 114.5009613037 -0.0380420000 2.0866679215 0.3283589412 
1267709554709215488 49.0132837324 8.3802960836 114.5093383789 -3735.3189587333 -1005.9902156936 114.5093383789 -0.0370590000 2.0899059215 0.3417709412 
1267709554814311168 49.0132817553 8.3802955922 114.5130767822 -3735.3566842849 -1006.2097104723 114.5130767822 -0.0362890000 2.0906749215 0.3559819412 
1267709554921979648 49.0132799986 8.3802951959 114.5101852417 -3735.3872601907 -1006.4047587952 114.5101852417 -0.0359100000 2.0897299215 0.3691529412 
1267709555030483968 49.0132781200 8.3802948249 114.5021209717 -3735.4160907225 -1006.6133672809 114.5021209717 -0.0377050000 2.0874559215 0.3844409412 
1267709555129553920 49.0132764331 8.3802945275 114.5037841797 -3735.4393739146 -1006.8007088304 114.5037841797 -0.0397020000 2.0874809215 0.3986629412 
1267709555237779712 49.0132745617 8.3802942651 114.5113906860 -3735.4602566613 -1007.0085900510 114.5113906860 -0.0413570000 2.0864539215 0.4155679412 
1267709555339932416 49.0132728688 8.3802940464 114.5154190063 -3735.4777810083 -1007.1966461651 114.5154190063 -0.0404940000 2.0849809215 0.4326689412 
1267709555444718592 49.0132710338 8.3802938805 114.5205307007 -3735.4915833845 -1007.4005400399 114.5205307007 -0.0384960000 2.0850589215 0.4528309412 
1267709555552042496 49.0132693761 8.3802937572 114.5262298584 -3735.5021025385 -1007.5847392082 114.5262298584 -0.0358160000 2.0861879215 0.4718529412 
1267709555656660224 49.0132675789 8.3802937178 114.5257034302 -3735.5066135314 -1007.7844986329 114.5257034302 -0.0339490000 2.0869029215 0.4932299412 
1267709555759609088 49.0132659662 8.3802937433 114.5254898071 -3735.5062122476 -1007.9637931166 114.5254898071 -0.0329640000 2.0864589215 -1.5587616732 
1267709555864407552 49.0132641919 8.3802938238 114.5250701904 -3735.5019383760 -1008.1610807180 114.5250701904 -0.0310640000 2.0854299215 -1.5355026732 
1267709555969386752 49.0132625914 8.3802939449 114.5212326050 -3735.4945323496 -1008.3390740743 114.5212326050 -0.0292810000 2.0843899215 -1.5135026732 
1267709556077321472 49.0132608561 8.3802941449 114.5196304321 -3735.4814862754 -1008.5320952190 114.5196304321 -0.0271330000 2.0842589215 -1.4887396732 
1267709556182565120 49.0132593341 8.3802943649 114.5245132446 -3735.4667802916 -1008.7014148617 114.5245132446 -0.0239470000 2.0838709215 -1.4671216732 
1267709556285345536 49.0132576880 8.3802946603 114.5305633545 -3735.4466734312 -1008.8845874844 114.5305633545 -0.0215170000 2.0836879215 -1.4436406732 
1267709556391850496 49.0132561801 8.3802949522 114.5340728760 -3735.4266953418 -1009.0523817036 114.5340728760 -0.0195360000 2.0832779215 -1.4219586732 
1267709556496953344 49.0132545876 8.3802953032 114.5326080322 -3735.4024774735 -1009.2296211720 114.5326080322 -0.0169390000 2.0835739215 -1.4008916732 
1267709556599913216 49.0132534103 8.3802956131 114.5311965942 -3735.3808849526 -1009.3606856512 114.5311965942 -0.0156540000 2.0863839215 -1.3863486732 
1267709556703921152 49.0132524138 8.3802958810 114.5349578857 -3735.3621999770 -1009.4716216158 114.5349578857 -0.0142230000 2.0889649215 -1.3728566732 
1267709556812879872 49.0132516491 8.3802960742 114.5304794312 -3735.3487688926 -1009.5567358891 114.5304794312 -0.0129700000 2.0888559215 -1.3616666732 
1267709556916320512 49.0132511558 8.3802961903 114.5258331299 -3735.3407223312 -1009.6116505284 114.5258331299 -0.0118140000 2.0883299215 -1.3562776732 
1267709557021466880 49.0132508775 8.3802962288 114.5233154297 -3735.3381624061 -1009.6426045587 114.5233154297 -0.0115350000 2.0889409215 -1.3539356732 
1267709557126540032 49.0132508197 8.3802961602 114.5260925293 -3735.3432305656 -1009.6489911787 114.5260925293 -0.0117620000 2.0888709215 -1.3532236732 
1267709557234899712 49.0132508092 8.3802961074 114.5291976929 -3735.3471004454 -1009.6501250407 114.5291976929 -0.0144390000 2.0862109215 -1.3534566732 
1267709557339693824 49.0132507383 8.3802960935 114.5345687866 -3735.3481845951 -1009.6579993796 114.5345687866 -0.0159340000 2.0824779215 -1.3528776732 
1267709557443154688 49.0132506341 8.3802961182 114.5403213501 -3735.3464699526 -1009.6695950469 114.5403213501 -0.0153600000 2.0806359215 -1.3534646732 
1267709557550622208 49.0132505722 8.3802961083 114.5414199829 -3735.3472518057 -1009.6764686443 114.5414199829 -0.0143670000 2.0813039215 -1.3536526732 
1267709557651515392 49.0132504830 8.3802960864 114.5392532349 -3735.3489345069 -1009.6863791728 114.5392532349 -0.0139500000 2.0817839215 -1.3528906732 
1267709557756867072 49.0132503467 8.3802960997 114.5407791138 -3735.3480861544 -1009.7015381316 114.5407791138 -0.0138640000 2.0820449215 -1.3535436732 
1267709557863908864 49.0132502287 8.3802961298 114.5420684814 -3735.3459878252 -1009.7146714889 114.5420684814 -0.0141280000 2.0824279215 -1.3535116732 
1267709557968991488 49.0132501426 8.3802961492 114.5429306030 -3735.3446532954 -1009.7242560657 114.5429306030 -0.0145110000 2.0821339215 -1.3530216732 
1267709558073352960 49.0132500520 8.3802961805 114.5456619263 -3735.3424458161 -1009.7343415646 114.5456619263 -0.0140350000 2.0821589215 -1.3535116732 
1267709558180204800 49.0132499933 8.3802961727 114.5497589111 -3735.3430695163 -1009.7408647966 114.5497589111 -0.0140200000 2.0825169215 -1.3534636732 
1267709558289773568 49.0132499552 8.3802961722 114.5515060425 -3735.3431367728 -1009.7450974779 114.5515060425 -0.0141910000 2.0823609215 -1.3531816732 
1267709558389070080 49.0132499440 8.3802961719 114.5546035767 -3735.3431716024 -1009.7463399433 114.5546035767 -0.0140290000 2.0822249215 -1.3534646732 
1267709558494027776 49.0132499605 8.3802961748 114.5625000000 -3735.3429441988 -1009.7445110651 114.5625000000 -0.0140110000 2.0823629215 -1.3533446732 
1267709558601331200 49.0132499575 8.3802961748 114.5696334839 -3735.3429422294 -1009.7448405689 114.5696334839 -0.0140630000 2.0823549215 -1.3534196732 
1267709558704315648 49.0132499741 8.3802961730 114.5763168335 -3735.3430591404 -1009.7430027677 114.5763168335 -0.0141050000 2.0821739215 -1.3534566732 
1267709558809431040 49.0132499907 8.3802961720 114.5798797607 -3735.3431223812 -1009.7411568556 114.5798797607 -0.0140990000 2.0822329215 -1.3534036732 
1267709558916603648 49.0132500150 8.3802961734 114.5832138062 -3735.3429972489 -1009.7384575643 114.5832138062 -0.0140410000 2.0822479215 -1.3535866732 
1267709559021267712 49.0132500311 8.3802961718 114.5854644775 -3735.3430985778 -1009.7366604283 114.5854644775 -0.0140870000 2.0821389215 -1.3534926732 
1267709559124569088 49.0132500678 8.3802961684 114.5893859863 -3735.3433144176 -1009.7325816005 114.5893859863 -0.0140030000 2.0821029215 -1.3535516732 
1267709559234327808 49.0132500977 8.3802961735 114.5903244019 -3735.3429167911 -1009.7292634025 114.5903244019 -0.0139220000 2.0821639215 -1.3535976732 
1267709559333785856 49.0132501596 8.3802961748 114.5924530029 -3735.3427638181 -1009.7223806698 114.5924530029 -0.0140220000 2.0820909215 -1.3536906732 
1267709559439871744 49.0132501962 8.3802961791 114.5944824219 -3735.3424175639 -1009.7183113070 114.5944824219 -0.0139800000 2.0820349215 -1.3536816732 
1267709559544837376 49.0132502452 8.3802961834 114.5969772339 -3735.3420549619 -1009.7128715254 114.5969772339 -0.0139440000 2.0819839215 -1.3537116732 
1267709559649923328 49.0132502797 8.3802961854 114.5976486206 -3735.3418811329 -1009.7090321109 114.5976486206 -0.0139340000 2.0819599215 -1.3537736732 
1267709559755691520 49.0132503257 8.3802961835 114.5964279175 -3735.3419750698 -1009.7039179839 114.5964279175 -0.0140250000 2.0819469215 -1.3537966732 
1267709559861283328 49.0132503618 8.3802961975 114.5960311890 -3735.3409214982 -1009.6999177784 114.5960311890 -0.0140340000 2.0819729215 -1.3538046732 
1267709559965327872 49.0132504138 8.3802962229 114.5953750610 -3735.3390159791 -1009.6941465670 114.5953750610 -0.0140400000 2.0820149215 -1.3537406732 
1267709560070589696 49.0132504285 8.3802962371 114.5969848633 -3735.3379594733 -1009.6925191581 114.5969848633 -0.0143330000 2.0819269215 -1.3535996732 
1267709560175374592 49.0132504187 8.3802962720 114.5980148315 -3735.3354212247 -1009.6936367126 114.5980148315 -0.0147000000 2.0811289215 -1.3520216732 
1267709560280423424 49.0132503676 8.3802963296 114.5977554321 -3735.3312569764 -1009.6993507221 114.5977554321 -0.0145630000 2.0803769215 -1.3508726732 
1267709560386575360 49.0132502692 8.3802964042 114.5979156494 -3735.3258917662 -1009.7103357585 114.5979156494 -0.0143000000 2.0800839215 -1.3498256732 
1267709560490630400 49.0132501560 8.3802964705 114.5993118286 -3735.3211426302 -1009.7229506196 114.5993118286 -0.0145480000 2.0803439215 -1.3473886732 
1267709560596072960 49.0132500031 8.3802965456 114.6026840210 -3735.3157881418 -1009.7399952933 114.6026840210 -0.0148810000 2.0804269215 -1.3440326732 
1267709560700755712 49.0132498057 8.3802966340 114.6058044434 -3735.3095093162 -1009.7619906692 114.6058044434 -0.0146150000 2.0804619215 -1.3410536732 
1267709560805850624 49.0132495643 8.3802967349 114.6119232178 -3735.3023461577 -1009.7888920736 114.6119232178 -0.0143770000 2.0805299215 -1.3367696732 
1267709560913637888 49.0132492927 8.3802968488 114.6168136597 -3735.2942663962 -1009.8191552907 114.6168136597 -0.0144700000 2.0804339215 -1.3313026732 
1267709561018420480 49.0132489972 8.3802969743 114.6218338013 -3735.2853585763 -1009.8520760173 114.6218338013 -0.0148500000 2.0797539215 -1.3253276732 
1267709561123907072 49.0132485671 8.3802971724 114.6248626709 -3735.2712615311 -1009.9000073886 114.6248626709 -0.0153410000 2.0781009215 -1.3165586732 
1267709561229762816 49.0132480647 8.3802973782 114.6290588379 -3735.2566667534 -1009.9559820192 114.6290588379 -0.0154660000 2.0762149215 -1.3056736732 
1267709561331271424 49.0132474120 8.3802976711 114.6297531128 -3735.2358440463 -1010.0287080416 114.6297531128 -0.0155920000 2.0743649215 -1.2919526732 
1267709561438562304 49.0132465320 8.3802980775 114.6311645508 -3735.2069226470 -1010.1267795619 114.6311645508 -0.0152730000 2.0732789215 -1.2732156732 
1267709561540878848 49.0132455575 8.3802985509 114.6358566284 -3735.1731913284 -1010.2353923125 114.6358566284 -0.0150090000 2.0731239215 -1.2529526732 
1267709561645905408 49.0132443306 8.3802992001 114.6405029297 -3735.1268365803 -1010.3721598713 114.6405029297 -0.0148730000 2.0733969215 -1.2272976732 
1267709561751027200 49.0132430890 8.3802999329 114.6424713135 -3735.0743786379 -1010.5106273424 114.6424713135 -0.0142900000 2.0738649215 -1.2007536732 
1267709561855947776 49.0132415802 8.3803008696 114.6419296265 -3735.0072559109 -1010.6789065618 114.6419296265 -0.0134170000 2.0753739215 -1.1681856732 
1267709561959766016 49.0132401069 8.3803018961 114.6438827515 -3734.9335289667 -1010.8432958163 114.6438827515 -0.0140530000 2.0768869215 -1.1362006732 
1267709562068427008 49.0132383824 8.3803031895 114.6468124390 -3734.8405189299 -1011.0357726319 114.6468124390 -0.0162210000 2.0781159215 -1.0984756732 
1267709562170387968 49.0132367321 8.3803045442 114.6519241333 -3734.7429598931 -1011.2200342650 114.6519241333 -0.0188800000 2.0797189215 -1.0624016732 
1267709562274937856 49.0132348296 8.3803062382 114.6539688110 -3734.6208150333 -1011.4325412968 114.6539688110 -0.0221710000 2.0812429215 -1.0205636732 
1267709562379977984 49.0132330279 8.3803079949 114.6549224854 -3734.4939937999 -1011.6338736219 114.6549224854 -0.0228850000 2.0812279215 -0.9806156732 
1267709562485221376 49.0132309940 8.3803101857 114.6596145630 -3734.3356483507 -1011.8612844544 114.6596145630 -0.0230490000 2.0809869215 -0.9340716732 
1267709562589171968 49.0132290425 8.3803124472 114.6580657959 -3734.1720525321 -1012.0795633588 114.6580657959 -0.0228740000 2.0811279215 -0.8894776732 
1267709562694211072 49.0132268301 8.3803152560 114.6630401611 -3733.9686676743 -1012.3271814901 114.6630401611 -0.0242830000 2.0817119215 -0.8386226732 
1267709562798422784 49.0132247882 8.3803181711 114.6677246094 -3733.7573671213 -1012.5559154227 114.6677246094 -0.0249300000 2.0810959215 -0.7915016732 
1267709562903411200 49.0132224742 8.3803217211 114.6660079956 -3733.4998778526 -1012.8152647614 114.6660079956 -0.0243320000 2.0800099215 -0.7392166732 
1267709563007739904 49.0132203788 8.3803253063 114.6623687744 -3733.2396222720 -1013.0503405891 114.6623687744 -0.0242430000 2.0797349215 -0.6920046732 
1267709563112754688 49.0132180775 8.3803296061 114.6638641357 -3732.9272996382 -1013.3087348351 114.6638641357 -0.0265410000 2.0793869215 -0.6413986732 
1267709563217252096 49.0132160482 8.3803338842 114.6626434326 -3732.6163136721 -1013.5368695948 114.6626434326 -0.0290760000 2.0785189215 -0.5964476732 
1267709563322876160 49.0132138876 8.3803389389 114.6637802124 -3732.2486619452 -1013.7800716758 114.6637802124 -0.0313510000 2.0768089215 -0.5488676732 
1267709563427263232 49.0132119816 8.3803438615 114.6625289917 -3731.8904392960 -1013.9948895928 114.6625289917 -0.0318700000 2.0749759215 -0.5073306732 
1267709563532105472 49.0132099488 8.3803495816 114.6650161743 -3731.4740173387 -1014.2242859500 114.6650161743 -0.0314040000 2.0733329215 -0.4642346732 
1267709563637131776 49.0132081983 8.3803551366 114.6678314209 -3731.0694094890 -1014.4221910508 114.6678314209 -0.0327600000 -0.0005230000 -0.4276896732 
1267709563742228736 49.0132063703 8.3803615922 114.6708374023 -3730.5990205921 -1014.6292583058 114.6708374023 -0.0347190000 -0.0014770000 -0.3911116732 
1267709563848905728 49.0132047576 8.3803678018 114.6738357544 -3730.1464191727 -1014.8122378988 114.6738357544 -0.0346050000 -0.0001580000 -0.3617636732 
1267709563952686848 49.0132030119 8.3803749752 114.6745605469 -3729.6234621773 -1015.0105811320 114.6745605469 -0.0317410000 2.0737399215 -0.3342576732 
1267709564056536832 49.0132014805 8.3803818203 114.6750488281 -3729.1243245231 -1015.1848996151 114.6750488281 -0.0293930000 2.0752419215 -0.3136556732 
1267709564164259328 49.0131998295 8.3803896353 114.6786041260 -3728.5543660154 -1015.3730991362 114.6786041260 -0.0286840000 2.0785619215 -0.2947216732 
1267709564269206528 49.0131983287 8.3803970397 114.6823348999 -3728.0143022452 -1015.5443519354 114.6823348999 -0.0296970000 2.0814139215 -0.2794726732 
1267709564373536512 49.0131967033 8.3804054530 114.6804504395 -3727.4005713126 -1015.7300658403 114.6804504395 -0.0315390000 2.0849799215 -0.2638926732 
1267709564479016448 49.0131952751 8.3804134188 114.6751861572 -3726.8193897805 -1015.8935858915 114.6751861572 -0.0348190000 2.0868149215 -0.2508466732 
1267709564583797504 49.0131937469 8.3804224825 114.6752014160 -3726.1580157111 -1016.0688816113 114.6752014160 -0.0379470000 2.0874019215 -0.2356536732 
1267709564690158848 49.0131923945 8.3804310082 114.6741409302 -3725.5358224215 -1016.2243060088 114.6741409302 -0.0373370000 2.0874609215 -0.2215656732 
1267709564795203328 49.0131909677 8.3804407027 114.6719131470 -3724.8282324047 -1016.3886971194 114.6719131470 -0.0378690000 2.0860109215 -0.2076796732 
1267709564900944896 49.0131896793 8.3804498142 114.6698303223 -3724.1631396965 -1016.5373699609 114.6698303223 -0.0380400000 2.0824849215 -0.1977196732 
1267709565004935680 49.0131882665 8.3804600920 114.6708679199 -3723.4128832956 -1016.7005557800 114.6708679199 -0.0378380000 2.0800669215 -0.1908176732 
1267709565110602240 49.0131870009 8.3804696788 114.6722488403 -3722.7130234068 -1016.8469623365 114.6722488403 -0.0368430000 2.0782069215 -0.1876076732 
1267709565216700928 49.0131855835 8.3804804628 114.6793975830 -3721.9257503278 -1017.0109697888 114.6793975830 -0.0399100000 2.0775309215 -0.1845526732 
1267709565323279616 49.0131841618 8.3804915182 114.6855163574 -3721.1186425493 -1017.1756087514 114.6855163574 -0.0431570000 2.0775099215 -0.1808196732 
1267709565426388224 49.0131828603 8.3805017825 114.6951522827 -3720.3692735730 -1017.3264160389 114.6951522827 -0.0448910000 2.0781619215 -0.1780116732 
1267709565531936768 49.0131814624 8.3805133418 114.7002334595 -3719.5252953898 -1017.4887102004 114.7002334595 -0.0464780000 2.0805239215 -0.1746296732 
1267709565637462784 49.0131801544 8.3805240642 114.7097625732 -3718.7424300982 -1017.6405093186 114.7097625732 -0.0461740000 2.0831459215 -0.1707026732 
1267709565743324928 49.0131786980 8.3805361232 114.7150802612 -3717.8619648460 -1017.8096093014 114.7150802612 -0.0444730000 2.0843309215 -0.1657086732 
1267709565846953472 49.0131773723 8.3805472987 114.7195663452 -3717.0459875417 -1017.9636444226 114.7195663452 -0.0455330000 2.0852309215 -0.1612716732 
1267709565952216832 49.0131759365 8.3805598261 114.7180480957 -3716.1312504268 -1018.1307412228 114.7180480957 -0.0451680000 2.0847359215 -0.1557846732 
1267709566057634816 49.0131746363 8.3805713474 114.7219390869 -3715.2899649890 -1018.2821518071 114.7219390869 -0.0458010000 2.0853029215 -0.1517176732 
1267709566162912512 49.0131732464 8.3805842234 114.7198257446 -3714.3496999103 -1018.4443391301 114.7198257446 -0.0468520000 2.0836439215 -0.1467496732 
1267709566268017152 49.0131719606 8.3805960811 114.7185897827 -3713.4837968208 -1018.5943478961 114.7185897827 -0.0460170000 2.0815619215 -0.1421866732 
1267709566372981760 49.0131706330 8.3806093071 114.7175674438 -3712.5178783927 -1018.7498274287 114.7175674438 -0.0504640000 2.0807399215 -0.1375626732 
1267709566478336256 49.0131693871 8.3806214567 114.7186355591 -3711.6306004719 -1018.8955717087 114.7186355591 -0.0544170000 2.0810179215 -0.1330706732 
1267709566582811904 49.0131680873 8.3806349831 114.7208633423 -3710.6426906214 -1019.0481369309 114.7208633423 -0.0575620000 2.0816199215 -0.1286176732 
1267709566688069888 49.0131668891 8.3806474267 114.7207336426 -3709.7338697357 -1019.1887594387 114.7207336426 -0.0619200000 2.0790609215 -0.1248476732 
1267709566792974080 49.0131656337 8.3806612668 114.7204437256 -3708.7229881190 -1019.3365753936 114.7204437256 -0.0642930000 2.0753959215 -0.1217036732 
1267709566898059008 49.0131645101 8.3806739613 114.7260055542 -3707.7957530157 -1019.4690508218 114.7260055542 -0.0672860000 2.0728039215 -0.1201766732 
1267709567003758336 49.0131632876 8.3806880462 114.7329406738 -3706.7669347138 -1019.6133581130 114.7329406738 -0.0657130000 -0.0003620000 -0.1183806732 
1267709567108364288 49.0131621801 8.3807009091 114.7428894043 -3705.8273652836 -1019.7441411717 114.7428894043 -0.0649450000 2.0749159215 -0.1169306732 
1267709567213575424 49.0131609776 8.3807151713 114.7558593750 -3704.7855652623 -1019.8863269305 114.7558593750 -0.0610460000 2.0782349215 -0.1145046732 
1267709567318638336 49.0131599045 8.3807282387 114.7557601929 -3703.8310219529 -1020.0134207243 114.7557601929 -0.0594280000 2.0782469215 -0.1134236732 
